496
413
384
336
290
250
219
176
152
142
112
96
85
61
52
32
34
24
28
11
14
0
0
3
0
0
2
0
1
0
0
0
0
0
9
0
13
6
0
7
0
0
12
1
0
17
0
10
12
4
15
8
4
16
306
286
238
213
188
146
117
128
86
64
64
39
32
30
16
18
16
0
4
0
0
0
0
0
0
0
0
0
0
0
0
0
0
0
0
0
0
0
0
0
0
0
0
0
0
0
0
0
0
0
5
0
4
0
336
299
284
256
226
187
180
165
135
132
112
100
71
71
55
48
48
40
46
24
32
16
30
0
18
12
19
2
0
16
0
3
0
0
13
15
16
0
10
1
4
0
0
192
171
143
131
123
116
93
74
80
67
50
41
42
39
26
48
26
39
45
28
12
22
26
19
19
26
26
15
15
34
22
28
28
31
17
37
20
34
22
44
26
48
160
111
97
84
60
49
32
32
13
19
14
15
8
0
16
0
5
0
0
11
0
12
0
12
0
0
16
0
3
0
7
11
2
17
0
0
4
2
0
10
5
1
16
13
7
32
16
20
15
19
16
227
192
177
133
101
80
80
48
48
21
16
14
3
0
2
0
0
0
0
0
0
0
0
0
0
0
0
0
0
0
6
0
0
0
1
0
0
0
0
0
0
0
0
2
0
0
0
0
0
5
0
6
0
6
0
0
13
16
306
275
256
220
178
164
152
119
96
80
80
58
59
30
43
32
31
15
2
16
11
1
0
0
0
0
0
0
0
0
0
0
0
0
0
0
0
0
0
0
0
0
0
0
0
0
0
0
0
0
0
0
276
259
230
200
181
172
151
144
135
113
99
81
71
65
64
72
48
39
50
35
47
40
25
31
16
38
16
20
20
7
9
16
3
0
19
0
16
0
0
11
16
5
16
159
146
127
101
79
70
67
48
40
40
47
27
20
19
40
15
27
38
15
16
35
20
16
27
7
18
23
24
12
19
15
18
16
17
8
16
3
19
16
16
17
19
18
162
133
112
100
80
57
54
30
42
27
22
23
3
5
0
0
10
0
0
0
9
0
7
0
0
0
0
1
9
0
0
1
3
7
0
16
0
0
14
0
14
16
0
5
6
9
22
2
0
7
0
20
9
16
263
239
198
176
142
112
95
80
51
45
28
22
4
16
0
3
0
0
0
0
0
0
0
0
0
0
0
0
0
0
0
0
0
0
0
0
0
0
0
0
0
0
0
0
0
2
0
3
0
0
0
0
0
0
0
0
1
0
323
277
264
222
204
160
147
119
120
101
75
72
48
40
50
21
36
18
20
13
16
0
4
3
16
4
0
15
4
0
4
0
0
4
0
0
0
0
0
0
0
0
0
0
0
0
0
0
0
0
264
224
200
178
144
131
117
101
110
86
75
60
61
55
57
43
40
54
27
34
48
38
27
35
31
30
42
21
16
40
19
16
25
26
16
32
18
18
13
8
1
166
139
119
97
90
65
73
47
50
37
34
17
18
31
5
16
15
6
22
6
4
4
23
14
16
22
22
21
17
14
32
12
31
9
31
14
16
31
3
22
9
22
21
15
11
176
162
116
96
86
69
39
53
26
16
16
19
1
0
0
2
0
1
0
8
0
0
1
0
0
0
0
7
0
0
0
8
0
0
3
1
7
0
0
8
6
0
0
16
0
0
0
17
0
4
16
0
14
0
14
0
15
290
252
226
180
159
138
116
87
88
63
48
41
32
10
15
0
1
0
5
0
0
0
0
0
0
0
0
0
0
0
0
0
0
0
0
0
0
0
0
0
0
0
0
0
0
0
0
1
0
0
4
0
0
2
9
0
304
278
247
208
183
167
140
120
121
80
65
59
53
35
50
41
32
12
17
16
16
11
16
12
7
11
11
0
2
2
0
0
0
12
3
0
0
5
0
0
0
0
0
0
0
0
0
249
197
182
144
130
120
112
87
80
64
70
53
48
29
18
36
21
21
15
19
34
15
26
16
17
23
22
33
35
48
32
22
35
16
42
23
23
23
34
16
32
167
124
101
82
80
56
55
36
33
22
23
11
16
23
7
16
12
16
0
22
19
0
0
16
4
7
11
16
4
0
5
12
7
17
6
15
6
4
10
23
17
30
17
29
10
16
15
30
224
174
166
119
110
89
80
63
42
21
17
14
16
0
10
7
2
0
0
1
0
2
6
0
0
9
6
0
0
10
10
0
0
2
0
1
2
10
0
0
4
0
3
0
0
0
14
0
0
0
16
0
0
15
312
257
223
209
169
139
132
107
86
86
66
57
45
45
32
28
7
17
3
3
14
0
10
0
4
8
0
0
0
0
0
0
0
0
0
0
0
0
0
1
1
0
2
0
0
0
0
0
0
0
0
0
1
266
245
210
204
164
167
151
117
121
94
95
68
64
54
62
45
55
33
44
17
30
25
20
7
14
13
19
10
16
9
3
0
0
11
1
16
0
2
1
3
15
4
3
11
7
196
186
143
128
101
107
84
76
71
64
46
42
43
35
23
36
20
27
16
16
23
17
26
13
17
10
9
19
19
21
6
16
11
16
30
16
33
16
10
22
24
11
176
174
128
111
100
68
64
43
42
25
34
4
3
16
0
0
0
6
6
4
0
0
0
0
13
1
0
12
2
19
0
7
0
14
4
9
13
6
0
16
7
9
15
0
9
16
17
0
5
16
23
1
243
232
188
159
126
102
99
68
64
39
45
20
17
6
12
0
16
4
3
0
0
0
6
0
0
0
0
0
0
0
0
0
3
1
0
0
0
6
9
7
1
6
0
0
1
0
0
0
8
0
2
0
2
0
2
0
5
286
253
220
189
175
140
125
94
83
85
64
51
48
48
22
27
31
3
22
5
16
5
11
10
0
4
0
0
0
4
0
3
7
0
8
3
0
0
0
0
2
0
0
0
0
0
0
0
0
0
0
0
250
209
204
163
159
128
113
112
85
84
75
64
48
62
38
55
42
48
32
47
44
19
32
16
30
19
22
16
23
7
27
16
7
15
6
17
5
12
14
0
16
0
7
186
159
122
107
99
79
78
50
43
45
26
39
15
30
16
28
16
25
6
16
16
18
13
13
11
33
7
18
5
16
10
10
5
6
23
13
16
16
16
3
21
16
19
9
19
181
159
115
106
96
69
63
54
32
44
20
16
23
16
0
0
16
0
0
15
0
6
0
0
0
0
0
0
11
3
0
8
7
0
13
0
0
1
14
14
16
0
0
16
16
8
19
0
0
17
3
5
261
241
208
171
156
120
106
92
83
64
54
25
41
18
15
19
3
3
10
0
0
0
0
0
0
1
0
0
0
0
0
0
0
0
0
0
0
2
0
0
0
1
0
0
0
4
1
9
0
0
0
0
0
0
275
243
223
190
177
145
136
126
95
84
64
56
45
40
48
29
35
29
15
22
17
14
16
0
8
8
16
1
0
0
16
0
0
13
4
5
6
1
16
0
8
16
0
1
0
0
0
4
232
204
171
154
119
116
100
94
65
56
49
60
48
35
32
20
25
29
30
19
16
15
16
30
10
16
25
32
11
17
32
25
15
32
16
22
19
32
18
17
17
170
139
128
109
92
65
63
63
40
39
24
31
16
11
16
10
5
7
16
5
16
0
10
21
6
18
17
4
16
16
7
15
0
18
7
18
6
17
23
18
23
16
27
11
29
9
238
192
157
132
100
92
77
53
60
35
37
14
10
16
0
0
0
9
15
0
0
4
0
11
0
12
0
3
3
0
14
0
4
0
0
2
4
0
0
2
0
0
0
2
0
0
5
0
0
1
5
13
8
0
8
285
234
211
179
149
130
123
112
91
71
66
39
32
41
19
31
13
15
19
1
18
2
13
18
0
0
6
0
0
4
0
0
0
0
0
0
1
0
0
0
0
0
0
0
6
0
0
0
0
0
0
6
260
217
193
182
159
140
117
95
92
95
69
74
57
55
56
38
37
32
27
33
31
26
18
24
5
16
16
7
0
16
20
6
11
7
16
0
7
0
9
0
14
15
7
1
16
192
174
161
137
115
96
81
80
74
48
53
49
42
23
21
31
16
19
16
17
32
8
22
15
16
16
16
16
6
22
13
6
9
11
5
16
9
25
16
8
16
9
8
16
31
200
157
131
106
106
74
64
55
48
48
41
12
22
8
16
0
12
16
12
8
0
7
0
16
0
15
13
0
4
5
1
1
16
0
8
0
1
16
0
7
7
4
0
0
5
11
10
0
7
22
28
234
192
181
139
119
99
80
61
48
45
31
16
10
16
1
8
0
5
0
4
0
2
0
2
0
0
0
1
0
0
0
0
7
0
0
7
0
6
0
7
0
7
4
1
6
0
2
0
2
0
2
0
5
0
0
0
12
263
239
219
192
163
128
116
91
81
78
71
49
41
28
23
26
23
9
24
16
15
16
0
11
0
16
0
0
0
9
0
5
2
0
9
0
4
0
0
0
1
0
0
0
0
0
0
4
0
0
0
0
237
225
193
155
137
132
111
104
76
80
75
61
59
48
30
39
48
24
18
29
21
34
25
29
23
16
23
9
5
13
20
16
6
1
8
9
7
0
16
7
16
0
0
0
0
192
156
143
116
106
75
73
49
48
35
48
29
30
30
16
28
14
26
17
17
19
11
16
29
10
15
29
3
16
9
28
12
16
19
1
13
19
1
21
10
16
2
11
12
183
151
145
112
104
79
67
41
48
35
44
14
16
21
13
21
15
5
18
0
1
0
3
0
0
7
0
0
3
2
3
5
0
0
0
9
0
5
19
0
6
0
8
10
6
13
24
0
0
7
13
5
263
225
195
165
141
129
86
88
71
69
48
39
22
17
16
12
16
10
4
0
5
0
0
0
0
0
1
5
0
0
0
9
0
0
0
0
4
0
0
7
0
0
0
0
12
0
0
16
0
15
0
16
267
236
219
176
155
145
108
105
84
65
54
60
39
46
26
30
15
27
25
14
25
5
14
0
15
13
13
1
8
0
9
12
16
13
1
10
0
4
16
1
6
12
0
0
15
0
235
208
163
159
134
119
96
92
77
66
48
48
43
36
17
27
25
21
19
19
16
10
5
31
0
20
30
20
14
25
29
16
16
30
16
24
22
11
7
17
23
16
192
144
136
95
101
64
68
52
43
47
17
28
26
7
31
16
18
5
0
13
0
5
0
15
14
16
1
16
0
1
15
16
16
0
15
2
16
4
16
1
13
16
7
21
14
17
14
7
218
186
151
126
114
79
63
64
45
32
16
15
16
16
5
0
0
9
11
0
12
0
9
11
0
0
4
11
0
3
0
3
7
0
13
0
0
6
0
0
0
0
0
11
2
2
5
5
0
0
0
2
2
13
256
237
192
171
149
118
106
92
80
64
49
48
39
42
30
32
29
4
1
16
4
2
16
6
0
3
0
16
0
0
14
0
1
0
0
2
0
0
0
0
0
0
12
0
3
0
13
0
0
0
0
245
208
197
167
146
114
112
101
76
73
83
64
64
53
53
43
33
36
32
31
16
25
12
11
17
16
21
7
0
5
0
0
0
11
13
15
0
17
0
12
5
16
0
11
192
159
144
122
94
87
75
76
61
48
48
43
20
19
32
19
26
16
19
30
13
9
3
29
9
24
7
18
3
24
6
15
17
1
26
15
1
19
0
15
11
16
8
16
19
7
192
149
128
108
86
80
53
64
37
23
31
27
17
11
14
0
0
2
5
0
8
0
7
0
1
0
3
0
6
15
0
0
1
11
10
15
0
14
0
7
8
3
4
16
0
15
0
14
0
11
1
0
2
239
207
176
141
131
97
82
74
67
39
44
20
26
15
4
16
3
11
0
0
2
0
0
0
0
3
0
0
0
6
0
0
5
0
0
0
5
0
4
0
0
0
9
0
1
0
6
0
0
6
0
7
0
2
12
1
261
242
201
182
143
119
103
84
83
77
53
46
39
30
33
23
28
4
11
7
15
16
0
16
13
14
4
0
12
0
0
11
0
0
16
5
0
5
0
0
0
0
0
0
0
0
0
0
0
251
215
176
157
129
117
103
94
73
70
63
43
48
29
39
36
22
42
19
40
20
31
16
16
13
34
20
33
7
19
15
16
10
15
19
3
7
17
3
16
16
0
14
192
142
119
128
80
71
78
56
54
34
29
30
20
7
16
27
4
11
11
13
6
1
7
10
25
13
17
10
18
16
12
5
22
17
11
1
12
16
10
18
5
24
1
27
3
0
193
178
131
110
110
74
63
52
48
21
16
14
16
30
9
3
0
13
0
0
15
0
0
0
7
0
5
1
0
0
7
4
12
0
0
5
0
0
0
0
4
6
8
10
9
0
0
0
14
0
15
5
0
16
256
236
192
176
127
112
112
75
80
50
48
48
34
16
16
10
11
16
16
12
0
6
0
0
6
0
0
0
0
0
1
0
0
0
0
3
0
0
0
3
0
13
0
0
9
6
7
6
0
3
14
263
233
220
178
155
129
128
107
109
71
80
66
44
44
20
18
39
25
21
21
16
16
3
14
15
17
0
19
10
1
4
1
6
0
12
5
0
15
5
0
8
1
0
11
12
4
213
203
170
160
134
112
93
82
68
71
46
50
33
37
38
22
16
25
16
20
14
18
4
4
16
7
11
12
14
14
16
9
17
16
16
32
16
20
25
16
23
14
31
176
156
138
100
85
64
64
51
52
29
26
30
10
1
8
7
19
11
0
10
1
8
0
0
12
0
6
17
6
18
13
0
6
4
8
16
0
0
14
0
13
0
2
6
6
11
5
15
16
10
238
192
167
133
98
83
64
53
41
36
36
24
5
16
11
0
0
11
13
0
0
5
0
10
0
1
0
6
0
5
0
2
0
1
13
0
5
3
0
1
0
14
0
0
6
1
0
0
0
2
9
0
3
0
1
0
270
213
204
169
146
127
114
80
72
70
48
32
39
39
15
16
29
10
18
13
1
14
3
15
0
17
0
10
0
0
0
4
0
8
13
0
2
0
0
0
0
0
0
9
0
0
0
0
0
1
240
205
179
159
150
139
112
106
80
71
75
53
61
39
47
45
32
35
19
21
17
3
23
16
20
32
14
16
0
16
0
18
1
0
13
0
5
0
5
14
1
3
17
7
18
195
162
130
119
112
86
64
61
63
38
42
25
24
39
17
34
29
15
26
13
23
7
31
16
17
19
2
7
16
0
1
4
16
4
16
14
10
25
0
2
14
16
9
1
4
18
193
176
129
127
88
89
64
64
48
48
21
16
16
16
8
16
0
10
0
4
0
0
0
0
0
0
7
0
6
0
12
0
7
1
13
0
16
13
0
14
0
20
0
13
1
15
0
15
9
5
0
19
240
212
175
169
133
114
96
64
57
54
24
17
22
24
2
6
10
3
0
8
1
5
0
3
0
0
0
1
0
2
0
0
13
0
10
0
1
15
0
0
0
0
9
0
10
2
0
16
0
4
2
0
0
289
239
208
194
154
137
128
108
79
64
65
42
42
32
18
38
15
16
2
14
17
15
0
0
0
18
13
16
0
0
0
0
0
3
4
0
0
1
0
5
0
0
1
0
0
0
0
5
0
0
247
223
187
161
144
118
110
92
64
54
62
38
56
35
33
16
38
17
16
40
19
27
26
15
27
32
25
17
15
26
7
26
7
16
3
9
30
3
2
16
0
6
0
16
189
148
143
118
90
76
71
55
51
48
31
27
13
32
25
23
7
11
11
16
7
14
17
2
15
0
7
19
16
19
2
11
21
9
26
4
15
13
11
12
20
6
1
25
12
4
208
181
144
140
93
77
78
51
56
48
21
19
2
20
4
19
1
17
1
14
1
0
16
16
0
14
0
7
0
8
3
6
7
0
0
4
4
2
12
1
16
1
0
0
11
0
15
9
0
13
4
0
0
256
239
204
181
135
115
112
80
88
64
42
38
46
34
20
25
20
6
16
0
0
12
0
2
0
0
0
6
0
2
3
0
0
0
1
0
0
0
0
0
0
0
3
0
7
0
0
0
10
0
7
0
0
276
233
221
191
152
134
128
112
90
80
75
64
43
47
19
34
32
20
23
19
20
0
12
6
1
11
0
14
7
0
0
0
0
10
12
13
0
0
6
0
0
0
0
15
0
3
4
0
216
199
173
151
131
99
110
77
79
48
46
47
21
17
33
17
12
23
1
16
22
1
12
16
2
14
16
16
16
0
18
16
22
7
32
16
19
17
23
12
15
28
8
188
164
148
101
86
82
64
56
53
27
25
22
6
14
10
0
26
9
13
1
0
10
7
19
0
16
0
16
1
0
0
11
16
0
18
4
14
8
4
11
15
23
15
26
14
22
5
24
240
194
176
128
111
110
71
65
50
44
25
27
1
1
19
0
2
8
0
0
3
0
1
0
0
7
2
0
0
0
6
0
3
0
0
10
0
13
0
0
0
0
0
0
11
0
1
0
3
4
0
8
0
7
6
0
268
224
205
161
145
115
105
80
86
61
63
30
36
43
16
11
17
15
8
16
16
8
4
15
0
0
4
0
0
2
3
0
0
0
8
0
0
0
0
0
1
0
0
0
0
0
0
9
0
3
0
0
1
246
237
190
188
146
144
113
112
90
80
80
53
64
57
33
43
28
23
28
25
16
22
5
17
1
24
16
3
0
0
0
4
7
13
11
0
0
4
7
7
0
11
0
7
10
0
4
216
159
160
121
111
111
74
64
78
51
51
32
48
16
45
42
16
31
13
10
24
16
8
16
14
6
3
11
16
2
0
23
0
14
21
2
5
4
13
1
7
20
21
13
32
192
145
135
115
105
69
58
64
44
31
19
20
4
10
0
19
11
16
6
2
6
0
0
10
0
18
1
3
0
3
18
5
11
3
15
0
9
16
0
0
0
17
8
3
22
0
16
2
9
23
16
245
211
176
143
127
105
88
64
64
38
42
19
19
16
16
14
0
0
10
0
0
3
5
2
0
0
2
0
2
0
0
0
16
0
16
0
2
10
0
11
0
4
0
0
0
2
0
0
0
0
4
0
2
270
240
208
175
164
128
108
91
82
80
48
47
31
27
35
7
4
23
16
2
16
1
6
4
6
13
0
16
0
5
0
0
10
0
16
0
0
0
1
0
0
0
3
0
0
0
0
0
0
2
0
0
242
228
196
160
152
112
104
104
79
67
50
51
36
61
48
31
47
28
26
32
34
16
16
20
4
12
12
21
1
28
14
12
3
17
12
13
0
0
0
24
0
0
0
14
188
157
138
100
109
74
66
59
41
52
23
30
23
27
10
15
27
3
15
15
16
16
3
16
16
0
16
0
0
7
17
16
16
2
2
5
17
15
15
3
7
13
2
16
0
16
195
154
139
110
103
83
62
64
48
48
30
26
8
0
9
7
17
1
11
0
0
0
13
0
1
8
0
0
0
0
7
4
5
0
2
16
6
0
9
0
0
2
0
0
17
2
0
14
0
0
0
17
4
0
18
233
203
187
171
120
115
87
67
72
53
47
39
20
16
16
10
15
0
2
1
8
6
0
3
0
0
0
0
4
0
2
0
0
0
0
0
0
0
0
0
2
2
0
0
12
0
2
9
0
7
8
7
0
4
288
239
222
176
167
134
111
102
93
79
56
64
41
42
25
21
25
14
14
22
11
12
0
20
0
16
0
11
5
12
7
0
7
0
16
0
0
10
4
5
3
2
3
0
16
0
0
0
248
202
175
155
137
102
105
69
73
54
41
48
19
18
30
40
15
8
16
16
19
23
21
16
32
16
19
37
16
16
23
31
16
23
16
17
28
12
6
17
12
14
191
158
143
112
91
80
75
59
45
39
35
20
32
17
16
32
11
0
16
5
18
0
15
0
12
0
0
16
16
0
24
6
16
0
17
5
16
3
15
13
18
16
3
23
0
20
204
192
143
129
100
90
70
51
56
28
18
22
10
14
10
0
1
16
0
2
16
2
6
10
2
0
0
9
10
0
0
12
0
5
0
0
0
9
7
0
2
16
0
0
0
0
0
3
1
0
6
1
0
16
268
227
210
174
159
115
114
101
85
64
56
35
39
33
21
24
18
13
16
0
20
1
12
0
9
0
0
0
0
6
0
2
3
0
0
8
4
0
0
4
0
0
7
0
0
0
0
0
0
6
0
256
227
195
166
160
128
119
97
95
80
80
48
55
31
33
43
32
38
16
15
26
7
7
23
1
15
13
1
16
0
15
0
15
0
9
3
10
0
0
10
7
0
2
0
15
0
0
3
220
176
158
138
128
95
94
64
80
57
50
45
27
35
15
17
23
24
16
8
25
15
11
22
3
16
1
15
5
0
16
15
0
9
16
10
14
15
16
23
15
21
15
19
211
159
146
133
108
87
77
64
48
25
43
16
14
16
0
0
0
16
0
0
16
0
4
0
4
0
0
12
0
14
1
9
0
15
0
0
16
12
13
0
17
12
0
12
0
4
12
24
4
16
240
208
167
142
119
87
75
59
49
48
32
27
6
11
0
16
0
7
0
0
9
0
2
0
0
0
5
2
0
0
11
0
14
0
6
0
5
0
0
16
0
3
12
0
1
0
0
0
4
0
0
0
0
2
5
0
259
247
200
169
151
123
98
99
80
74
48
40
27
23
42
21
14
8
14
4
16
6
15
0
7
16
1
7
0
10
0
0
0
0
9
0
8
0
1
0
0
0
0
0
0
0
0
0
0
1
0
0
241
224
187
155
145
128
108
93
89
79
57
59
48
52
41
41
39
27
34
18
16
32
18
19
20
14
5
6
17
8
16
0
16
0
21
0
5
8
0
16
0
3
0
11
0
0
208
163
144
138
114
93
70
70
48
56
26
36
20
34
16
16
31
15
23
15
33
23
16
22
16
16
3
12
0
2
6
13
8
22
0
6
3
10
15
13
3
15
8
3
17
0
196
185
137
125
107
80
80
51
48
32
32
29
32
15
0
1
11
7
13
0
0
0
10
9
0
0
12
4
0
7
0
0
0
8
10
10
0
0
9
0
0
16
0
4
0
12
8
0
0
1
16
6
11
231
218
176
166
128
120
80
63
58
48
41
16
26
9
15
14
14
0
13
0
0
10
0
0
3
3
0
0
0
7
0
0
1
0
0
0
0
11
2
4
0
0
0
0
0
2
8
2
1
1
0
2
0
278
241
216
180
162
122
118
105
73
72
54
40
48
32
31
14
26
16
24
0
16
1
0
14
1
9
0
0
14
0
0
0
7
12
2
16
0
8
0
8
0
12
0
2
0
0
1
0
0
0
240
214
175
148
121
102
110
77
64
64
48
52
32
25
16
16
19
26
23
27
17
34
11
23
15
16
22
35
16
28
14
26
14
16
19
18
16
5
1
0
1
0
17
180
167
147
126
96
83
57
62
48
48
20
38
19
17
22
10
7
3
16
11
22
18
7
23
1
16
3
8
22
3
13
23
12
22
6
17
14
16
26
1
21
3
16
16
9
13
197
176
149
138
99
79
80
54
53
46
31
16
28
14
7
7
0
16
0
16
1
16
13
2
2
0
12
0
0
0
3
0
0
2
0
0
7
0
0
6
0
12
0
1
0
0
9
0
6
0
0
7
9
0
269
230
193
171
143
140
103
97
67
59
56
44
31
30
14
19
6
25
0
18
0
0
0
1
0
0
0
11
0
1
1
0
0
0
0
0
0
0
2
0
0
0
10
3
0
8
3
1
0
0
15
0
0
259
233
212
183
161
146
121
111
80
82
80
59
58
49
23
32
34
13
22
15
17
0
6
18
5
16
1
0
9
8
14
0
14
0
5
11
0
14
0
0
16
0
16
0
1
12
208
176
158
150
132
112
84
87
76
64
60
38
47
34
21
16
21
16
16
13
22
2
14
7
11
16
19
1
16
8
19
3
10
13
17
16
9
25
14
19
32
9
16
24
184
156
143
107
95
75
65
59
37
46
21
29
11
16
10
15
0
3
5
3
18
0
16
3
15
0
0
0
11
0
0
10
14
0
6
0
12
14
5
7
3
28
4
25
4
19
3
7
17
11
234
189
180
138
112
95
94
64
63
32
37
16
16
12
0
0
0
12
0
7
0
1
0
0
0
11
0
9
0
0
0
5
7
14
0
0
0
16
0
9
0
0
11
0
0
10
0
0
11
0
1
0
2
257
219
215
167
153
132
116
89
80
69
51
53
30
33
15
18
28
14
11
16
0
0
0
17
12
5
0
13
0
10
2
1
9
4
0
0
0
8
0
0
0
0
0
6
0
0
3
0
0
0
4
245
219
177
162
145
128
112
87
79
71
55
50
48
53
34
48
32
44
15
37
17
16
23
20
16
16
19
8
16
15
6
15
17
4
7
9
0
15
0
9
2
2
17
5
12
190
176
148
121
100
83
68
64
61
35
52
35
34
26
25
16
21
18
15
33
20
29
22
11
5
11
16
16
20
16
23
16
10
19
0
9
0
5
15
9
11
16
1
19
4
215
171
146
112
92
78
80
49
64
37
48
16
28
24
7
19
0
7
0
6
6
3
0
2
0
4
0
13
20
0
0
0
14
0
13
6
0
8
0
19
5
0
3
16
0
12
0
15
5
1
15
16
247
210
192
156
123
118
96
68
65
57
45
20
27
16
5
22
0
7
0
16
0
0
0
0
5
0
0
0
1
0
2
0
0
0
3
0
0
16
0
0
1
5
0
0
5
0
3
0
0
0
3
3
8
2
7
272
245
214
181
170
131
112
96
92
66
65
48
48
38
32
24
14
15
30
14
16
16
1
7
1
16
0
10
0
0
1
0
0
13
2
16
0
9
1
9
6
4
2
2
0
0
0
12
0
239
199
191
144
143
128
94
94
76
55
53
28
46
23
29
22
36
16
27
31
25
14
19
16
27
16
28
11
14
23
3
4
11
14
25
3
14
7
18
0
16
0
0
16
177
169
140
124
92
86
71
65
46
46
32
27
23
9
27
13
16
7
24
7
5
0
16
5
3
6
20
21
2
17
19
6
20
19
16
16
15
3
16
3
16
6
0
15
17
10
0
14
204
164
144
115
104
71
64
58
47
43
35
16
19
16
3
16
0
0
5
10
1
0
0
5
0
3
0
0
5
0
12
0
0
0
0
0
14
3
13
4
2
0
1
6
0
0
1
13
0
15
0
17
1
254
240
192
176
131
128
102
80
68
64
64
52
17
17
15
20
9
0
16
2
0
2
6
0
0
12
1
4
0
5
0
2
0
0
1
0
6
0
0
0
0
0
0
5
0
1
0
0
0
0
13
0
0
271
255
213
199
155
147
118
123
103
74
75
48
41
45
24
44
16
31
2
16
3
13
22
0
6
0
11
1
11
0
15
0
15
0
16
7
0
0
0
16
0
11
7
0
1
6
0
235
205
188
160
136
122
90
80
67
64
52
50
23
41
19
24
16
33
7
11
10
15
16
11
18
21
7
16
0
20
16
15
1
19
10
13
22
16
21
19
15
19
19
188
158
131
128
95
64
58
47
53
27
19
23
21
28
5
0
2
7
11
1
18
7
7
0
11
0
2
16
0
0
21
7
9
0
0
13
1
10
10
12
0
21
0
6
11
1
7
16
16
17
228
182
174
134
116
83
79
65
47
45
30
18
4
3
6
16
0
0
0
3
0
0
0
4
8
0
7
0
0
14
0
0
18
0
0
1
0
0
0
10
0
2
0
0
0
0
0
0
0
0
2
0
1
0
0
9
263
239
183
171
152
115
103
99
69
60
60
39
35
18
8
12
7
26
14
16
0
4
0
5
3
0
15
0
2
4
0
0
0
0
2
0
0
0
0
0
0
0
0
0
0
4
1
0
0
13
0
3
0
240
226
187
184
138
141
128
112
94
87
55
51
51
48
37
41
26
29
26
16
17
14
16
5
16
14
0
16
1
16
0
6
7
0
9
10
0
16
5
16
4
16
10
0
16
222
175
172
128
134
109
94
67
64
63
48
32
30
48
45
35
20
32
21
20
24
25
3
14
16
4
6
16
7
14
4
0
8
21
3
15
1
16
1
2
15
17
32
15
20
16
190
163
144
128
99
89
64
53
56
39
29
14
17
3
16
8
15
0
7
1
16
0
0
16
0
2
10
0
12
0
5
16
16
4
7
0
0
0
9
13
16
0
6
1
16
1
0
16
11
13
247
195
172
143
134
97
82
83
56
48
48
27
16
28
13
7
14
1
8
0
11
0
9
0
0
1
7
0
0
0
11
4
0
15
0
3
0
0
9
10
8
0
0
0
3
0
0
1
0
6
0
5
0
0
8
262
237
203
178
144
139
107
96
87
57
65
48
46
32
27
25
23
23
6
9
16
0
13
15
14
0
16
14
0
7
3
0
12
0
0
0
0
9
0
0
4
0
1
3
1
6
0
0
0
0
240
213
193
154
135
105
113
75
73
65
48
62
44
46
27
32
47
21
39
41
17
37
18
16
16
17
22
29
9
22
16
16
16
8
19
18
10
16
5
13
13
0
184
163
144
128
104
77
67
52
62
40
44
17
16
23
6
21
11
18
15
17
9
16
14
28
9
21
25
12
23
16
25
19
8
14
11
15
2
3
18
13
0
16
21
3
3
197
162
144
123
94
82
68
48
52
26
27
16
22
8
16
14
0
13
16
1
0
0
11
3
5
0
0
0
1
6
0
0
16
4
0
16
0
13
0
0
12
1
15
10
0
6
3
16
0
0
0
1
265
212
204
168
137
113
115
91
71
64
45
46
25
15
17
23
6
10
2
6
7
0
0
0
0
0
2
0
0
0
0
0
0
0
0
0
0
0
0
0
0
2
0
0
11
0
1
7
0
2
8
0
0
0
256
227
191
172
146
131
111
107
75
75
47
42
43
44
42
20
26
11
3
9
7
9
22
16
11
4
0
0
16
4
0
0
6
11
0
0
11
0
16
0
0
16
7
16
0
0
0
3
1
240
195
173
143
129
93
105
80
70
53
57
36
26
32
29
14
23
7
22
8
3
16
7
15
0
4
15
22
16
26
17
19
18
11
29
28
26
16
14
16
16
0
15
7
195
154
145
99
100
91
77
52
52
27
41
16
19
5
28
16
4
6
0
14
0
3
0
0
0
10
0
0
14
2
16
0
10
7
20
1
11
11
27
10
15
16
16
17
18
15
15
16
211
175
158
119
95
96
64
49
51
46
16
26
15
23
0
16
0
8
9
0
2
11
0
7
0
0
0
6
11
16
0
0
0
20
0
0
6
0
5
0
8
2
0
1
16
10
0
6
0
4
6
2
0
0
259
221
200
188
144
133
99
93
83
61
65
42
37
32
17
24
21
18
11
16
0
0
16
4
9
0
0
7
0
0
0
0
12
0
0
0
0
0
0
0
0
0
0
6
2
0
6
0
4
0
0
0
3
257
208
190
173
160
139
125
99
96
84
64
54
48
34
32
41
20
34
20
19
23
22
11
21
3
14
16
17
0
14
7
16
10
7
12
13
9
10
0
9
0
14
14
0
208
171
161
140
123
99
86
66
69
48
51
42
31
32
36
27
24
32
3
28
16
22
4
25
6
18
16
3
11
0
12
3
2
3
1
7
1
7
4
8
15
19
13
27
21
16
20
201
180
141
123
83
86
54
56
46
38
23
22
15
6
6
0
21
3
15
12
16
0
0
15
0
11
12
8
0
13
16
0
0
7
17
0
16
1
0
0
7
0
15
6
17
16
16
4
14
2
243
192
176
132
107
90
77
66
47
47
44
30
11
25
0
16
0
12
12
0
0
5
0
0
0
9
0
0
1
7
0
2
0
0
10
0
0
16
0
3
1
1
4
0
6
4
0
2
0
0
16
0
4
0
261
244
201
176
145
138
114
96
90
58
48
31
48
15
20
27
26
23
0
9
16
10
1
15
0
8
9
0
6
0
3
1
0
9
2
0
0
0
0
0
0
0
0
0
9
0
0
0
0
0
0
0
0
235
193
172
148
127
125
87
87
75
63
64
45
38
43
34
39
32
21
16
24
15
9
11
14
11
12
19
2
5
18
0
16
18
16
17
11
0
7
5
0
0
0
17
12
3
187
174
148
113
105
80
81
55
51
51
31
32
34
32
16
18
7
33
16
11
32
11
28
16
3
10
19
4
16
1
15
16
14
17
14
7
13
0
12
10
1
16
2
8
7
1
184
172
131
128
91
81
64
64
40
42
26
23
11
14
7
18
0
0
7
11
0
7
2
0
6
0
16
0
0
0
7
0
16
0
0
4
5
15
0
14
1
12
9
9
0
7
0
13
0
16
0
15
256
208
178
167
136
103
98
96
72
51
54
32
30
11
17
1
7
0
3
3
0
0
5
0
0
0
0
3
0
3
0
0
0
8
0
0
10
0
3
0
0
0
10
0
0
16
0
3
0
9
0
6
0
8
4
270
248
208
192
164
144
128
105
92
74
49
51
26
35
42
36
19
21
16
15
6
17
0
0
0
16
0
11
0
0
0
6
0
12
0
5
0
0
15
4
8
0
4
0
0
1
0
0
0
0
241
208
176
160
118
128
90
74
80
56
60
41
21
42
36
32
32
27
16
22
16
20
34
16
33
16
30
16
17
4
16
26
12
24
23
3
7
3
16
10
2
16
1
178
153
153
118
107
80
80
54
54
34
29
32
16
16
30
13
15
30
3
6
15
5
13
9
5
23
3
10
7
21
19
2
24
20
1
7
24
16
4
24
14
16
16
8
8
11
0
220
190
149
138
103
94
62
66
47
50
37
15
12
20
0
14
20
16
10
18
11
0
0
16
0
9
5
0
0
1
0
1
0
2
0
0
4
0
0
0
1
6
16
0
7
0
0
10
0
0
11
0
258
232
195
167
135
128
87
97
69
64
46
40
36
26
7
6
15
16
16
16
11
0
0
0
5
0
0
1
0
2
0
0
1
0
0
0
0
0
0
0
2
0
5
0
1
0
12
7
7
0
10
12
0
271
239
202
176
159
127
128
91
86
82
65
64
41
40
37
32
18
20
16
26
0
17
7
12
0
0
16
3
13
0
0
10
0
13
1
0
14
7
0
0
14
0
16
0
2
13
0
215
176
153
144
112
99
94
73
74
64
39
48
25
25
39
11
16
13
14
21
12
16
7
26
4
10
7
3
20
0
16
16
19
22
15
17
22
16
26
20
26
23
11
32
190
157
129
125
96
89
55
45
33
49
15
35
17
21
14
19
0
4
16
0
16
9
11
1
11
0
16
0
6
0
16
1
7
18
0
16
3
0
23
7
17
6
20
18
8
20
3
6
23
205
176
158
124
112
88
78
48
51
34
20
20
17
16
7
15
0
12
0
0
14
0
4
0
4
0
1
0
0
11
0
10
2
1
11
0
1
5
16
0
9
0
5
11
0
0
8
0
9
0
8
0
272
242
201
187
157
139
109
99
80
83
48
52
32
35
31
19
22
13
8
24
15
13
7
16
2
16
10
7
12
0
0
11
9
1
13
0
0
8
0
0
0
0
0
0
4
0
0
10
0
245
199
192
156
146
125
92
95
69
80
62
48
56
39
42
43
34
18
32
31
22
21
11
20
6
26
10
26
5
7
0
25
2
16
6
16
16
13
1
22
4
12
9
0
15
207
161
146
139
95
96
80
62
63
53
44
17
37
16
15
32
18
21
28
7
32
1
15
16
23
16
15
16
5
16
7
9
16
22
16
6
4
16
0
14
11
4
3
16
3
7
198
155
144
111
103
71
61
52
58
25
37
20
30
9
6
5
23
1
0
16
0
0
9
0
3
0
0
0
0
0
11
0
0
9
0
0
7
11
6
0
0
14
9
1
0
10
16
7
16
11
7
18
9
249
231
208
151
128
112
110
74
84
70
45
40
21
29
1
16
5
3
0
0
3
1
0
3
0
0
0
0
0
2
0
0
5
0
0
3
0
10
3
0
0
0
0
3
2
0
10
0
8
0
7
0
0
10
258
235
225
176
175
143
111
112
99
82
58
50
29
45
40
22
36
15
25
3
18
1
16
5
15
6
16
0
15
3
0
1
18
9
6
0
2
6
0
3
0
12
0
2
4
0
4
0
0
224
199
175
160
131
107
97
78
68
66
55
41
31
34
18
19
28
16
34
19
16
7
26
18
22
16
27
16
21
21
28
18
11
11
23
11
16
2
22
5
13
16
16
192
177
127
111
112
77
63
56
47
37
33
23
33
19
11
7
13
14
3
16
0
16
0
16
0
10
11
16
3
7
7
20
3
18
2
4
16
28
7
21
14
2
7
11
17
8
16
204
192
156
136
98
97
64
51
56
25
32
5
20
4
6
15
0
4
14
0
12
0
2
12
4
15
10
1
1
0
16
0
0
7
0
0
3
0
0
1
0
6
0
11
0
2
0
8
0
6
11
0
0
16
256
210
192
151
131
112
111
80
74
68
38
33
33
33
20
16
16
17
12
8
7
4
0
1
3
0
0
0
4
0
12
0
2
0
3
0
0
0
0
0
0
0
0
0
0
0
0
3
0
5
0
0
275
228
216
182
166
138
123
99
102
78
64
62
55
43
31
34
19
28
14
18
8
17
0
4
0
16
2
9
0
16
11
0
5
4
5
10
0
0
11
0
10
0
0
3
10
0
4
0
208
192
148
145
117
103
101
80
82
59
59
33
24
18
21
31
14
32
9
14
7
22
1
16
3
9
19
0
1
13
0
19
3
5
29
1
10
18
10
18
13
13
16
14
14
195
161
135
112
96
64
66
44
47
30
38
17
14
17
0
2
11
16
0
12
10
10
0
5
4
14
0
13
0
0
0
14
16
2
16
0
7
0
1
16
0
9
10
11
17
0
0
17
18
215
184
153
127
123
96
80
56
43
27
19
30
21
4
0
7
0
0
0
4
0
0
0
0
0
0
11
0
0
6
0
0
13
16
0
5
7
0
1
0
8
0
7
0
0
0
0
0
0
0
3
6
0
0
0
5
0
277
238
212
181
143
131
106
82
79
57
65
38
31
32
13
14
18
16
1
16
0
12
0
2
0
4
0
0
0
0
1
14
0
0
0
1
2
0
0
0
7
0
0
0
0
0
0
0
0
0
3
0
254
226
195
183
144
131
113
106
80
83
59
64
37
48
28
32
42
17
31
16
17
5
5
15
0
22
7
16
1
16
0
0
0
0
0
0
0
4
11
0
12
0
0
6
13
0
3
0
212
185
158
141
101
86
71
63
71
45
50
37
38
17
21
29
11
15
7
22
15
17
25
1
15
6
13
10
3
16
2
7
0
8
13
0
5
10
0
14
18
10
11
12
13
16
179
168
138
125
84
80
64
64
48
39
18
10
10
16
1
16
0
0
15
7
0
3
0
11
7
0
0
16
0
0
15
0
14
10
0
11
13
0
11
0
0
16
0
13
0
16
4
17
2
10
223
211
175
144
115
111
68
67
54
55
27
29
25
4
0
0
15
0
9
0
0
4
0
0
11
0
0
0
1
2
0
0
0
3
0
0
12
0
4
0
17
12
0
0
2
0
0
9
0
0
7
0
0
5
262
227
194
192
144
140
109
110
88
59
48
48
29
21
36
17
16
27
15
15
6
13
12
0
0
3
9
0
0
0
0
0
7
0
0
10
0
0
2
0
0
10
0
0
0
0
3
0
2
0
231
213
170
162
119
105
83
94
67
78
64
62
46
27
25
36
18
37
21
17
28
11
16
27
4
12
24
25
33
15
21
3
15
16
1
22
16
18
0
18
17
0
0
0
205
160
152
115
94
98
70
66
55
45
41
20
16
14
25
5
17
13
17
4
24
5
1
9
16
16
27
11
10
7
16
23
2
13
0
16
2
14
6
5
16
14
0
11
20
0
10
192
175
149
112
87
82
59
67
36
34
41
10
21
2
16
15
14
6
13
1
7
0
7
0
0
0
11
0
0
2
14
0
10
0
16
0
8
0
14
7
0
1
0
3
16
0
1
0
16
6
0
0
15
245
208
195
146
126
111
107
71
63
64
37
38
16
19
4
10
0
0
9
0
7
0
0
3
3
0
0
0
0
0
0
9
0
0
0
0
10
0
0
0
7
0
16
8
0
6
0
12
2
12
0
0
0
284
244
222
181
153
143
111
109
98
75
64
48
34
42
25
28
13
22
23
4
14
0
16
3
13
2
10
0
12
13
0
3
6
2
3
0
16
16
1
0
16
0
12
0
16
0
224
199
161
144
129
111
96
74
76
48
48
37
24
36
37
15
28
16
17
12
17
16
4
2
11
18
15
6
16
2
10
10
25
10
19
4
22
17
16
19
3
18
14
27
178
160
116
112
96
64
62
39
53
31
17
37
5
3
16
15
16
0
16
2
16
0
12
14
10
0
7
12
0
16
5
14
9
13
1
16
0
4
16
6
12
22
7
9
5
13
6
17
222
181
153
137
91
94
58
68
49
38
21
32
0
0
16
1
0
17
0
0
16
0
0
14
0
1
3
2
2
10
0
3
0
0
3
1
8
0
0
3
0
0
0
11
0
0
12
0
3
0
10
0
2
0
11
266
239
200
179
138
128
114
96
70
76
47
32
23
31
11
7
28
0
0
9
0
0
2
4
0
4
0
0
0
0
0
0
0
0
0
0
0
0
2
0
0
5
0
0
0
0
0
0
0
3
0
0
0
0
3
279
235
199
188
151
144
111
103
95
85
69
64
37
32
33
20
26
28
19
13
19
6
14
16
0
0
0
0
7
0
3
0
0
0
7
0
6
3
6
2
0
0
9
0
1
8
9
3
3
10
201
179
168
123
123
93
80
80
59
64
36
32
31
22
28
12
17
23
0
10
17
15
1
22
1
20
2
6
16
16
16
26
6
16
17
26
23
28
18
18
23
16
31
9
19
205
166
126
112
99
79
70
45
39
29
27
20
26
3
16
20
18
0
16
0
16
0
0
2
0
6
13
1
13
7
1
16
0
0
11
0
8
5
11
0
15
0
12
25
4
15
16
1
27
218
192
163
147
121
79
80
57
49
47
14
21
2
22
16
3
4
4
0
4
0
0
5
0
2
8
0
5
0
0
0
10
0
0
7
0
0
8
6
7
1
0
0
12
0
8
5
0
5
13
0
0
7
0
7
0
267
229
192
168
144
118
104
75
81
60
49
39
23
34
16
19
14
19
0
8
15
0
1
10
0
1
0
6
0
10
0
0
0
7
0
3
0
0
0
0
0
3
0
0
3
0
0
0
0
5
0
0
234
217
183
154
147
125
120
94
97
70
59
61
40
49
45
43
16
30
10
34
15
22
4
18
0
1
19
0
7
9
6
14
0
4
16
0
12
0
0
0
5
0
8
3
18
0
11
0
193
162
142
128
97
94
78
77
54
44
52
53
38
38
16
7
12
29
11
2
9
14
18
7
10
0
2
0
0
15
0
6
7
14
2
6
16
1
16
3
5
7
21
7
22
16
15
16
23
196
160
140
112
112
90
61
63
50
31
36
20
17
2
13
16
0
12
7
0
17
2
0
5
1
17
0
7
4
16
9
0
10
0
11
0
4
3
16
20
16
0
16
13
6
14
13
2
16
219
198
178
144
106
93
96
64
63
37
19
15
14
5
11
5
0
16
0
12
0
0
8
0
0
4
0
0
0
5
6
0
0
6
13
0
0
5
1
1
6
0
0
11
0
0
5
8
0
0
0
8
1
2
0
293
238
224
196
157
128
111
96
88
76
53
48
32
36
15
26
26
22
16
8
8
0
14
3
5
0
0
0
9
5
5
3
3
0
0
0
0
4
0
2
0
0
6
0
0
0
0
0
6
0
0
0
6
240
205
187
161
140
128
106
84
93
64
64
64
45
46
38
26
24
41
12
16
20
13
16
13
16
17
0
4
0
16
11
12
6
9
3
0
0
10
7
0
12
0
16
0
2
2
202
164
153
121
96
102
75
63
64
49
47
26
40
29
18
23
33
33
13
19
19
2
4
16
2
0
17
0
13
0
6
12
15
14
16
11
0
18
2
10
11
19
16
7
20
0
209
155
143
129
103
99
70
54
59
35
39
11
18
6
12
1
6
0
1
12
0
9
0
10
0
10
0
0
2
0
0
0
15
0
0
12
0
0
7
0
14
0
16
6
11
3
12
0
16
11
0
234
191
173
144
118
102
95
71
64
51
48
20
19
16
4
15
0
16
0
5
0
2
0
7
0
0
1
0
0
1
0
0
6
0
0
0
7
0
0
3
0
2
0
0
5
0
0
0
13
0
4
0
0
0
1
0
260
253
208
174
143
143
111
83
77
64
64
40
38
32
32
16
25
3
18
9
11
0
0
17
1
0
12
13
0
16
0
1
1
3
0
0
11
3
0
4
0
0
3
0
0
0
0
0
0
0
250
211
181
155
141
109
95
91
61
70
55
48
41
22
31
25
26
32
32
23
31
11
21
14
14
23
16
7
10
16
18
13
6
16
16
1
17
0
14
2
16
0
7
6
2
181
146
134
98
97
61
63
51
48
45
28
26
16
21
4
5
2
18
16
17
4
17
1
16
16
21
0
16
2
24
12
16
12
10
4
3
19
6
6
5
16
5
10
0
13
16
1
16
190
170
144
111
101
65
71
48
49
43
21
13
33
16
16
10
9
5
6
1
0
4
0
0
0
0
0
4
2
0
11
0
3
0
6
1
0
0
