2590
6868
10908
5780
14610
9568
598
7889
230
15844
6542
4632
9371
29550
19059
18725
29731
3626
5619
23662
15051
3100
15945
30590
21038
28870
27675
6978
29567
9955
27944
1225
12040
18338
3239
5137
12390
10349
5431
8449
32151
25996
485
26806
2572
31641
15355
11517
24639
28524
31793
20365
7821
16020
17449
12169
26717
15095
13705
17141
14891
13224
10193
10916
24065
27471
30920
12981
17865
25454
18010
29002
11703
2586
189
10013
1646
2522
3640
830
10519
32548
12391
9574
29075
24311
24065
24762
8336
32414
32720
26219
9538
16450
30211
27647
30511
8122
4012
16293
13532
28287
26942
22492
25201
7054
18155
22264
85
11973
24672
16160
322
13601
25694
90
28351
13997
20244
8609
27475
28405
26733
17737
24873
1965
21893
11482
18236
20200
3827
22757
22245
17490
4948
2915
21087
14485
1449
1529
998
13026
12596
13728
4979
27014
11220
23531
6283
30499
26805
11223
22412
803
32425
803
18844
10169
25955
25559
19868
14657
12006
17197
19616
29471
21749
8688
9509
12991
18455
3956
8216
5867
13589
32623
27876
30246
5736
14914
23140
30072
16600
32425
11926
8998
28296
4916
3903
23634
23001
16488
32697
9108
17579
22315
4983
4658
17328
13922
16125
15057
24395
3656
14693
25180
11992
2526
30406
23318
24473
27419
1657
25461
18659
8631
18220
17920
24700
14951
26287
25091
78
21510
17665
8125
21394
26710
8809
10185
32081
8420
5612
30858
30970
11972
18703
17884
31557
19398
3398
15493
20417
18849
6759
19503
25150
24288
27487
12768
29981
7856
26835
18062
16430
30965
16885
8772
32646
10035
179
11495
21102
2451
29361
8972
7449
30414
27348
16463
26113
7285
24214
4830
31342
10148
4589
8730
815
2100
9420
13122
27768
13269
2191
17668
23917
26760
5549
21154
5626
20682
24071
29997
24252
27909
18555
6744
29617
22600
14843
7775
3958
17774
390
8558
18554
16845
18294
9553
16145
26410
31256
22659
20531
14264
14651
5262
18904
30993
22057
8289
6787
14899
1889
9219
11865
8513
23354
17387
16212
293
15273
6275
622
32237
11547
14562
13534
3492
14040
24890
26224
5813
3436
26523
30649
11989
20488
16439
17450
20283
16222
18646
9845
19418
29846
19017
30737
13216
27008
28448
8402
32669
2908
9636
12720
30205
31672
6709
7382
15851
27156
16163
27680
30735
29565
17444
26968
29084
27314
826
23263
11626
16661
24418
10599
17577
11672
10483
5099
4277
24028
23038
23356
8760
18242
32710
28771
14431
12712
12249
32225
19962
23431
13568
20532
29530
5713
19662
3857
30735
1549
4778
26031
31866
19590
18641
15415
972
12874
4500
20645
7931
25381
32332
31499
12072
17544
3693
31578
9234
10170
23296
31983
31200
18594
4212
15506
10714
15667
23390
14147
31606
18732
2126
27822
13408
5286
24075
4095
27316
2551
30795
30544
8159
7048
5989
8793
397
10550
20466
30318
24694
32482
20464
9796
12552
31478
17101
29219
25951
11926
23070
28697
29951
27917
26270
18998
30021
14273
17225
30830
12835
9388
29205
22570
24881
7822
13731
31731
11457
31952
20248
15893
11397
2205
21984
17913
3880
10493
17352
5333
18538
10401
17445
9599
8016
18646
9434
14605
9281
10292
24136
14039
6612
21716
7082
10580
6967
7889
5472
32741
26667
26171
4917
27481
19736
14891
4861
12049
30772
25077
19120
31933
31150
14448
5764
6825
17546
21629
3150
4231
16736
25432
17827
2591
5539
20276
28587
10095
17232
6050
15211
31323
17377
17871
29929
23736
26789
6259
18566
2558
24121
22535
16406
18636
21959
3788
30879
26250
30642
29481
1797
31893
28273
27826
24217
29892
32073
5690
6012
10444
23026
4266
8528
30091
23214
24963
31381
30867
11267
10120
16712
28010
15193
25320
5233
11118
6782
21852
26572
9990
25539
16688
17921
1608
16722
13170
2695
19586
569
32045
26280
23634
9315
22489
15281
8697
9252
10399
6471
16097
21292
7205
15794
10823
1592
27526
14480
20482
19564
3140
12763
7500
27740
21353
8809
6670
27863
19209
14724
31288
17708
14971
22460
4582
20447
22665
17458
6233
4008
25533
6853
16249
17710
12701
28275
14588
23513
14865
253
10429
4253
11786
26457
18381
12738
1849
8373
16343
5283
15291
17548
11196
12867
21213
13009
25740
20390
26474
31274
3631
7140
25114
14444
20882
27757
31253
21638
18772
19065
2691
31012
12422
26725
9773
25980
29708
29641
22016
9549
20712
8574
21782
11009
30607
23572
6049
11359
14404
2841
21315
27729
22458
22757
30564
1618
29351
22781
17901
19035
3453
29149
20566
21617
29549
2701
30519
21615
8555
23136
23426
12161
31596
3021
12180
29962
21960
2419
1152
26794
1025
23543
25925
29029
22068
15097
30613
32399
24375
24010
19909
26267
22349
25656
19723
8406
371
24996
25805
13190
21857
20112
3780
31476
4623
3689
32
18529
19648
15282
30081
12116
7058
28025
30995
23294
140
31507
10663
13955
8900
32230
24833
19403
20481
25423
30617
26508
4877
20066
931
9440
19195
19821
16849
18795
6680
8255
7287
23748
18123
2219
30336
2408
5287
24406
16966
23968
31345
32444
21306
6959
21282
1493
6655
1296
22700
27790
14706
7786
26060
20510
19678
6532
2451
22186
22158
29543
19781
20425
21010
13069
22506
8578
19455
23399
10202
31484
7081
19592
8635
28720
37
5216
14680
11699
7224
19332
1
16689
5120
30908
18221
18346
26942
23898
19810
17589
28682
10747
20720
4803
15636
2053
8143
25815
23704
21126
4119
24464
23876
27707
18224
7267
21460
558
21859
28215
24650
16115
11929
25746
6429
11958
28820
6757
24231
2096
158
7178
30741
29425
3531
30067
9035
8955
21269
20703
28767
26699
15047
3744
4618
6924
21904
22371
24962
17464
32400
2116
23098
17567
24362
17322
22355
23897
15793
3813
6739
23891
6498
17756
15701
13587
10684
19437
14143
19178
10160
17126
5188
28749
25249
24168
4994
6405
4444
971
27219
28386
25138
2595
32262
32360
16150
29200
1123
32198
14160
4548
17384
22037
26068
6326
20895
25091
13760
14323
32183
7618
17939
23016
19925
27013
27283
5844
5096
4826
17597
3267
4328
2300
28171
30597
8875
24510
2781
10267
31996
19249
9155
25983
3520
6216
23886
11890
1322
20388
32148
32616
11650
24812
27457
8793
12207
27020
581
5861
3761
26534
16161
16319
20573
22933
15775
13658
10675
31514
14099
10658
22300
25854
22054
30619
12289
17525
18596
17848
10566
25384
21496
15641
17885
17841
1378
11163
3435
11958
7807
17792
22773
9881
4273
15554
29308
13720
23871
20528
7086
10877
30227
17022
18428
28924
27913
6967
18106
7956
12410
9454
3614
3659
15850
5167
23058
32179
1323
13693
8963
663
14993
31334
24571
29835
13367
18477
21190
32459
6460
29058
11398
29943
18242
30206
8461
5118
4400
28550
4794
3672
21010
17880
8384
28985
2537
30420
25774
6855
3889
19158
16184
11183
21822
22845
10651
30713
10186
21184
14427
10396
3705
12298
18823
27190
18941
770
4104
16735
28612
5067
14948
756
7063
22075
3729
3798
3833
13531
14430
16865
6972
1405
27930
21045
20263
6582
9254
32605
13837
20983
16813
968
7557
23417
10275
23282
27124
29533
2610
27057
22810
22216
1298
31329
15156
21032
17997
15892
17118
7189
29269
29321
9454
27716
471
2321
25307
9248
2102
15586
8136
4415
32215
19060
1132
15511
18316
5508
32544
32555
16715
19968
15480
30890
15852
28277
5828
15110
9665
5740
18760
16264
13305
25384
10226
29018
2391
32255
19881
24041
28180
27698
11587
14931
29102
26338
21429
10843
16033
819
30626
4308
21770
25471
16085
6775
23249
13940
193
24046
20629
21361
17090
23065
9391
12386
16735
23009
18863
32474
25961
29530
15738
30640
21652
27313
11853
22131
23574
6135
22919
14887
10718
19022
23509
30587
24450
4726
6980
31823
15116
7633
20423
1011
18519
29795
29562
32620
27929
1000
2031
22096
2110
573
20235
26704
340
11237
3250
6452
4974
27708
12987
19918
4432
31525
7894
24346
30908
31687
28675
5791
25247
150
25157
525
32310
30358
21344
15592
1809
19250
21897
1445
7510
14557
23773
31840
6012
30664
32261
7594
7540
9141
30843
24108
17929
3674
18838
885
28273
32032
15077
19910
11785
30300
23041
9344
418
17927
18815
2192
26783
5711
5875
20285
32298
26050
5016
28399
9179
5398
8949
12134
25749
933
16834
10346
17850
6267
28268
5994
1377
5418
30809
27750
7725
27083
7406
10885
15935
383
4001
3328
5881
21971
5530
7481
15275
8949
27558
19263
990
15805
31391
11754
17028
29908
27257
26137
8611
11993
14639
17648
2866
12410
7285
24431
23562
17299
26479
12126
23176
2245
16336
18292
7319
29854
6902
16813
30437
24761
5536
8145
22409
4166
2819
23114
6034
32643
4237
4800
30333
15167
20053
2949
14704
24354
16703
936
16564
23097
9452
2258
4056
13293
4222
10782
5771
10738
4562
11413
28595
13188
970
1170
20539
27364
23120
29732
11145
5809
29375
5864
9726
26275
591
28377
18455
13910
11398
22363
19419
887
1625
18322
16229
14243
14560
12806
31799
5325
14762
15911
21216
19579
4237
6881
26235
25323
15813
24223
23392
20368
9493
30065
12558
26685
13532
9573
32195
28893
365
5317
6496
737
31798
29417
20756
9620
6089
17540
1401
18340
14448
18287
21814
20732
30928
5514
24596
5467
11639
15198
14708
18563
21753
1341
25653
18529
11897
29521
26719
14437
20690
5716
10598
23592
28414
1679
30249
22819
12429
93
26460
2590
8284
5120
22244
29356
21263
20003
2225
17021
432
15321
17884
9802
8764
9031
13801
19045
1727
10588
30990
24818
22547
8834
5696
12592
26846
15251
4033
25683
7539
15995
20249
29854
22309
8659
13998
32712
26330
9787
14172
32432
21535
6901
27284
1059
7317
21299
2829
4900
23970
176
28815
1593
15058
25124
27491
29641
28516
2444
153
21234
30014
10172
15232
21772
26448
29545
6266
24014
25259
9973
17139
20107
10795
10281
15667
7272
2265
28390
12656
12240
9460
24986
22599
10520
763
29534
7086
25283
18959
9668
14745
23322
11193
2543
26661
3335
5130
25164
16912
21400
23154
10638
18829
4586
797
29146
12389
24375
8418
23099
10825
4158
29596
20313
20022
20377
27787
30316
30192
11449
18811
31262
21215
4791
22261
29349
8898
1809
28814
24106
22148
12543
4340
17010
26633
27758
15000
23382
20468
12374
21927
3301
1771
24496
26830
2872
25515
18184
3914
31708
9418
17267
2058
18941
9450
14263
32127
9732
30881
17006
10271
14565
8656
31319
23068
22449
20999
9677
26164
12401
13881
12413
23703
4432
23927
4757
8538
25127
10184
10935
17631
24107
24875
7717
22285
8286
4337
14920
11535
5886
31964
32713
26996
2715
25135
6582
22158
16450
971
4812
29308
6717
18042
7229
20053
3138
6721
2109
1034
26799
5556
14020
9238
27733
25761
26366
15819
7663
15257
14814
20980
19832
30500
16549
4873
32083
27078
753
12414
29563
990
2599
25746
17893
22623
16100
5345
27737
2793
31630
28956
7611
14598
3287
21168
21466
27892
31612
18589
1651
7991
19277
31382
16189
10956
11209
17216
23020
29146
3487
7002
6712
29015
8926
14566
21126
3560
21157
14337
1813
31224
10229
3941
26184
10322
27772
21737
17414
21476
1678
5903
15594
28235
28329
17049
4484
6411
3696
9866
29341
29558
7513
19454
5486
7836
24187
9174
7883
7294
15705
18777
12869
28207
29539
14295
18097
12368
32551
16424
31750
408
16728
3311
26824
22441
4003
22974
22807
12894
18025
14281
21092
20066
7933
31667
31345
31749
15499
25089
15756
24544
1463
23126
11906
6654
6685
30784
17866
21011
24384
24599
2279
15338
25817
31988
30950
26441
30595
1253
4753
27691
21888
6553
23687
6
8864
25480
20572
27347
16214
3014
18566
31601
11207
25561
22107
3365
8605
2813
3969
12823
15085
13643
29081
14458
32406
17994
9405
21594
12056
1138
9627
17808
4658
17844
17013
20669
4848
28792
20253
4403
12460
3486
14279
29691
2791
31668
22363
29916
14720
17974
12621
1589
19923
25100
20321
11539
11430
14372
29011
28387
28226
7319
30134
31757
29200
6008
10579
15669
21427
1522
4406
16395
26481
31093
29925
30959
8041
27356
12055
12662
31103
24906
16720
32274
11496
22472
1306
30713
13306
5948
14148
15605
4380
26529
5944
22348
25526
15116
13263
19585
25908
31876
200
2124
28120
8356
9478
22546
13269
30603
14547
16244
17098
25327
12168
5203
2772
19869
5423
6724
26418
25893
26639
18488
12012
15832
25232
15091
21827
26674
11505
8836
24466
3373
28577
17603
28036
31501
29871
30998
14261
21865
16443
16191
3421
25582
31526
5084
26921
17045
3029
18542
22731
9936
22023
4578
5213
28070
21696
19222
15423
29474
16666
15193
14778
28538
31653
7682
3074
25217
25594
6311
11355
25925
28183
5641
28530
21507
22863
3491
32512
25983
679
2732
773
3489
29677
6921
18739
3961
1192
14921
6888
27973
20820
2935
32375
28099
29093
14353
4069
5308
22109
32508
18489
7941
28366
21627
26240
8434
20698
18171
27416
24811
15221
31662
17184
22432
27598
30620
8061
23517
14714
18473
14966
4185
23634
2642
32085
7014
17457
19579
16644
7772
1394
2273
13295
16755
16537
31452
28084
1099
6911
4786
17423
2152
30139
21963
20631
26188
1996
183
23994
5834
3376
26033
17973
9387
31513
11011
1541
30968
25671
10872
4674
32665
21735
25057
6080
21700
11947
2322
8713
20821
7830
22555
27896
24549
31090
2108
24306
24319
20024
2009
11885
24155
17893
23003
20444
19873
3227
21613
5299
32724
18602
27331
12095
19777
19654
26835
15425
16434
147
5729
12322
10859
11896
14698
7289
385
28655
7514
17745
30007
27828
20634
5447
26349
18286
307
30539
8571
17971
29444
15158
25956
16124
25649
5025
27539
30732
341
16341
28044
2797
9030
29278
825
2216
25437
6291
17910
15350
9967
1249
4941
25457
3387
13365
20904
12891
26740
787
13461
5118
13701
10936
17749
28202
23498
24420
23366
273
4413
3890
20642
16700
20687
24067
18355
4067
23811
22210
18047
30867
16090
7252
21427
5150
32061
29247
16339
24088
30537
25676
28672
20380
5900
21975
24630
5684
9673
12766
28795
11598
6939
13898
10405
8474
1656
5554
24732
20657
1660
24572
14444
19791
29567
6539
32054
23601
1579
9770
16550
19091
15004
7628
11386
7725
1494
25546
10602
7133
26674
58
30404
29802
30693
6781
21395
29698
4794
27174
1692
14829
8031
3909
1087
32593
6160
19899
27841
15562
14293
2534
14092
16766
2694
15594
3507
9553
22713
30933
10772
645
23552
14276
14389
17154
20640
20704
27217
30673
25346
16511
32753
25954
16571
7519
23047
7278
23058
364
11898
4825
12401
1422
14773
29251
29292
2247
14814
5703
23588
15452
15703
31745
30261
17846
25756
18611
2819
14119
12792
18765
24478
31567
6572
815
10431
22129
27182
29691
18141
28978
7717
4088
24165
25620
4427
32009
3168
11731
20092
32202
32130
21878
27060
30963
3757
3754
31126
32073
29900
32725
6706
26546
1746
20257
18957
11567
452
6484
28761
20728
27913
20454
27032
10050
3591
26165
8752
24649
6505
31152
7574
29109
19937
24065
17787
1918
16989
15694
2081
17498
15950
20931
25658
11563
19553
6919
702
30348
23887
15974
1932
15644
5939
7827
2853
29946
4059
28242
2919
11491
7659
30015
8765
24439
17559
8815
16148
25494
22904
12657
18368
26344
21295
15636
23498
23678
25448
13613
6478
26527
23665
19179
30079
13107
20937
15720
19158
27012
17606
31709
19339
13066
18964
3813
27468
17133
31435
23288
24766
17174
23176
13342
18345
13255
17613
19551
1944
17387
31289
14407
8474
28759
28373
27141
18693
28114
27205
7651
29397
18422
28251
1863
1418
19608
27553
26424
28786
29112
17086
9525
26852
28363
2678
60
28503
8683
215
13455
29103
29267
26820
21000
2357
32170
13631
26028
25223
20391
788
21200
12910
1765
3477
28037
23480
15802
27987
31593
25748
5548
7110
10259
13190
1457
19528
5008
19024
594
27988
1320
12742
13183
15633
22328
6519
31301
32110
5980
32149
4084
13563
19910
1290
7949
9314
16297
6610
24846
22538
9255
32353
22510
29120
15380
8226
25532
8910
7455
28170
32697
32579
599
4125
29932
5481
18946
28337
2981
17086
30167
20873
29590
1159
10904
17134
24077
10820
24151
13042
11159
21471
1650
23244
17669
17568
384
6812
18295
6522
21501
6543
28123
32653
18490
29809
1435
24565
24939
27894
14890
9279
2486
21930
6385
6367
30286
32624
31985
16866
25402
25239
16654
19636
20972
27483
15923
31030
16571
16943
6270
7522
31312
4351
22210
32281
5951
18126
27647
27628
23598
30257
21797
22583
25440
11514
28723
2662
12346
1834
23971
21532
25655
17589
2122
26393
26977
14244
5337
16803
3258
16185
31657
28498
8628
29056
1060
20515
21906
22569
575
2024
17668
3746
16321
10571
158
15265
7696
7859
30398
15257
2835
20555
6718
17267
30094
24368
8882
22992
14326
7583
28167
30411
11513
5545
25246
27831
7749
3891
20760
11500
4388
19160
26826
20986
7953
14633
26375
31313
30042
9079
1872
20538
9822
2426
29221
3604
9815
1935
25323
9463
10215
18071
3241
22236
32509
4763
24584
17966
1148
18049
18029
14208
5102
3043
15446
26921
13205
16157
9807
32660
6645
22085
8803
13626
19422
1691
9562
7236
13036
15940
23516
4924
18372
1402
5398
6127
18987
17581
13928
26957
21490
22136
26649
21796
22310
28066
32418
26507
26650
27271
3212
7561
8468
26159
935
19750
24308
6157
2098
2999
29309
3549
24879
1759
12947
24105
18098
6335
15817
27244
25596
1506
31851
10946
24465
10614
20793
16927
16595
3188
13207
15236
7173
16550
27938
622
23415
30452
23675
15836
9662
26601
19800
5023
4113
19109
30245
8188
18951
15982
20495
9369
13291
13824
6533
5942
3549
15678
16306
2292
10257
14868
23948
14415
25389
23810
19013
3329
30319
1950
28337
7969
2984
26627
32257
26104
28821
28512
26041
6867
19294
9403
5527
30054
9869
14402
16673
9976
8291
1551
12786
4945
22387
1261
14326
14705
14391
12619
29820
32415
28134
16203
24984
8534
15213
23162
9862
29089
20146
18246
24536
25943
1158
6630
22001
22305
27893
19750
25168
19104
18484
10294
17353
18591
31976
17306
2365
491
7096
17879
7871
18108
25225
15306
355
20521
28332
4953
2333
3399
19025
24703
23200
29241
18533
4486
19578
15227
7009
20850
11041
11369
8429
10272
20379
7340
591
3654
11386
4613
1844
12870
10112
916
29702
13758
10617
26379
812
18987
10984
1888
10887
29758
29680
11434
3345
7430
2423
13606
17548
14928
26348
20427
28433
29880
5853
18457
13855
11661
18863
29912
15082
4157
13077
26258
18133
15885
32517
22988
26620
10427
11328
29282
30417
15905
29425
29452
129
9482
7778
22012
27660
18332
13041
12677
8617
21092
27935
31449
23700
6048
6301
7435
8068
3029
2475
6510
28301
3636
12017
270
27153
13264
25349
11562
18836
29665
25073
7559
8859
6672
28806
12957
10142
9458
15643
23057
4609
27324
15858
23920
13787
20371
1525
22616
1244
15501
4096
31864
27687
20898
22304
18718
16415
8358
19041
19252
26675
27627
5693
28006
30666
22767
17570
521
14425
6005
30380
24351
14481
31101
14657
10714
11046
22461
29978
22583
9138
18258
22062
10097
8749
3281
19924
19375
25544
25430
813
13255
16310
7088
24984
23314
29015
16334
226
14230
25318
12299
1606
8113
10133
13996
20523
32284
6408
14835
9612
502
12597
21355
12219
12774
20935
30876
28701
10976
12326
30241
1986
29556
29536
5782
15512
28631
18185
10232
1951
20950
30071
14616
13783
19876
31957
2116
19605
21667
19120
16028
5796
6847
29025
30324
8857
10775
17758
26501
21523
9539
26332
19711
17304
10923
18408
18007
27879
19025
1614
3451
30306
30513
3160
31815
3432
4883
16715
1118
21094
1318
11381
16075
19210
14478
30686
13845
7286
30679
20434
28661
17135
7650
27204
27632
15102
12638
6790
4067
8347
30215
16371
30633
14589
31819
10699
3683
32233
8000
575
27798
21728
31900
30089
24953
19117
9359
1324
21172
6756
30916
30520
22771
13239
32622
13453
12615
17912
1498
11585
13878
6582
10401
9370
19023
16075
21473
4624
8494
29834
11776
17796
20880
6868
834
27212
26016
1175
15736
474
26382
17755
4144
14753
12581
27328
12320
19978
28268
20659
1204
2543
18847
10402
25177
23233
1331
1289
25245
22353
13370
10661
25343
22059
30857
8673
3136
21459
12295
21781
1857
29276
20769
28255
15454
19771
24919
17717
1215
14369
8152
19664
16958
18315
5460
19905
13497
26256
18385
17903
23057
26228
27241
7457
21139
3124
15623
3593
31310
15277
19694
30307
29650
7140
31500
15008
20604
24975
15439
3181
27597
26976
14818
4026
20334
19570
20984
28389
30008
4122
29725
23465
4803
17939
25675
30773
29122
29345
4138
20021
26597
25884
24508
1769
27456
31512
10775
16811
8073
24322
21444
32602
20372
14692
16259
30967
13445
30526
7644
29935
1834
20424
22809
4560
13957
3581
26890
30949
18373
4604
23559
26412
4237
15356
1566
11221
32170
21476
8118
7159
21291
6114
72
23742
25726
6630
31053
3660
31681
4638
18996
8509
16612
3603
14361
13646
28293
7558
27565
9099
15817
12302
10138
24072
25936
22452
16664
13957
31477
28915
13800
10907
11393
30109
25539
13427
8294
29620
22185
30115
10667
26009
23885
7118
27843
6970
2997
30247
18152
16349
32538
9974
914
17809
11542
30488
18653
13275
13817
21800
2295
7260
25153
13082
23214
6312
9507
11586
22205
26314
8888
18
7657
22608
15702
27366
11606
4507
15807
7180
18577
20189
5931
11116
28400
1979
9225
25627
4814
7350
13850
24696
31087
22522
8796
1144
25356
22369
987
507
12969
13554
30827
8891
20168
28569
26214
11643
2959
12208
27543
21693
27607
22131
3971
5714
31136
19931
6684
20611
13552
454
1726
1180
11736
165
14618
31165
5275
31921
7088
1636
25585
24027
24892
11543
968
27870
12810
20455
2640
27977
10028
3082
8070
25000
26018
21213
31552
17837
7118
11061
6594
22479
14382
30865
24643
16928
17501
21203
15947
12543
17295
30785
23692
9274
2470
6033
1109
12511
11883
26801
7267
31684
23310
13171
15820
25838
1084
16179
5135
14298
32604
27974
14469
13411
13137
15410
14276
6569
7936
32418
11344
11706
8813
16181
14473
19367
25782
11482
5936
16397
25664
19003
31451
6805
12746
7169
5662
31747
31677
22927
9624
19173
5954
19823
25088
19634
8154
23356
32677
20716
1546
1519
12848
13480
9820
32670
27937
19043
19536
702
20113
6120
11341
10944
1239
1871
16308
11262
7635
4025
24527
18882
22844
15875
12593
298
31094
1534
463
14252
26721
18164
21066
6359
29301
22679
14919
10479
3001
14745
20844
19619
16489
24982
8295
14801
14319
12573
24768
20691
7161
14159
28454
11083
27731
9217
18722
2758
10809
31809
10236
17565
14500
14469
27862
3985
320
18017
4850
30303
2522
20563
17972
541
32711
22192
22544
25528
6307
23499
12510
24740
5669
11257
24734
23848
28701
14900
14187
20162
32039
21098
28056
26142
5877
24470
16804
23577
12197
13418
15377
16749
31483
29931
8237
31891
10934
31161
25273
14178
16650
6612
20157
7534
9234
27761
22470
31775
27148
30623
16221
16247
28232
7847
30587
7860
17561
28146
3324
22624
8950
5633
25324
11024
12617
13161
26994
25043
17435
1641
8122
23193
22643
4050
9679
12367
5212
12863
2251
17117
30699
13460
20148
17329
647
32098
19637
8575
13350
25854
31442
1880
2007
21234
321
12191
20797
3098
11006
21100
5149
9651
14929
1231
11850
25242
16261
19321
8896
22338
12065
8052
4871
14289
22123
7180
23759
13319
27434
7090
28804
14727
2201
25404
13063
6493
9261
29800
23880
5748
24424
21127
12208
19085
25140
12993
13327
20837
10872
13990
6739
29380
19057
29252
26730
3795
30339
7619
1822
2502
28420
12290
31733
27147
21503
15126
9016
22263
7144
24833
27259
870
7910
5331
12681
25718
63
16052
19301
28045
15613
6181
27643
28422
23153
11767
32358
11688
3340
17833
23448
22377
3225
3735
3865
9744
22104
1003
3158
1186
22302
21657
12038
11304
19555
20973
4030
28941
23437
11246
32761
1808
4731
12727
15288
13896
382
21602
20173
6582
1458
25631
32369
29183
22159
4173
1506
1491
15357
31269
4261
23234
20046
17048
22913
29100
5857
11685
31898
14602
5139
27320
11973
32334
4701
18879
8547
3461
25726
4520
3022
20038
40
4580
22838
3896
26438
7992
21043
5742
12387
6776
17358
14427
16849
27905
16382
31215
8291
7529
794
9611
31214
7327
21072
19952
6590
29583
3834
5273
26242
5343
26605
5033
10081
31549
1197
26312
26378
20290
26559
7861
17623
288
15317
15341
3391
26812
3948
19439
13932
4487
19543
13723
14085
12509
21275
32663
16780
23754
27704
25101
13438
3073
1819
9204
28596
29730
17921
16945
7275
21688
24678
16647
10823
25594
17556
26649
3088
25793
10100
21059
156
18609
26683
19842
31293
24020
18153
16659
5985
30143
15758
2561
28090
24389
25700
5512
7176
21865
8843
13446
27298
14157
24317
10694
29565
25529
1888
375
10914
24168
12717
10262
28208
433
14875
17432
6192
14463
31423
26584
19142
21206
22507
30796
3012
22500
17077
13691
17277
27024
31410
17714
10092
26293
11372
25141
23959
28120
19058
23985
16335
15989
19594
26461
7941
2540
17055
15515
25700
15912
24399
6459
29846
28172
15476
31794
14931
16078
10203
19048
4266
26348
5898
4015
1506
10110
224
10097
16501
3954
7965
6550
32481
993
15698
13279
7325
965
16005
3550
13613
32331
11285
17538
25966
8089
12202
1791
28152
3075
7475
4422
14374
12671
16957
27533
26015
1040
18443
25172
13193
15927
18284
29622
3333
11052
14769
3701
23203
10024
26205
7430
10483
9971
3897
4136
24369
14540
3399
32255
584
24698
11762
17028
26077
4971
6114
19875
8907
29889
15959
19643
19101
23349
3449
5181
9097
30026
590
26544
28116
30823
19382
21117
30577
31943
30393
14840
18406
324
1268
2058
23724
14613
17481
2476
1107
28436
26735
24322
22560
1406
30855
17600
15384
15465
17471
16562
6248
18262
31770
25210
22718
1370
5951
27951
4498
2852
8504
566
21900
32083
23352
1147
28067
4794
5951
28115
26263
14553
2039
15350
5066
25018
26918
9480
29291
23054
10370
15413
23035
32612
2494
520
13579
11554
2217
5687
28452
31752
14843
21168
14363
1732
24251
28686
5181
8145
18686
2514
26545
12556
25149
24421
4596
14971
26840
15037
2250
20341
11475
15520
31758
22444
3650
5286
29048
3186
13502
18908
26111
29758
5802
3228
16987
27539
32761
32615
13668
2192
28135
29563
26179
26431
30767
30975
31685
16020
16021
14279
2597
24510
5481
21296
15510
16288
16148
30601
21739
26578
19351
6525
11060
8292
9489
9079
13649
5445
4006
27802
19083
1064
21769
23138
20991
13621
28752
8433
12579
26626
17862
29519
6660
10328
16082
24552
12835
28151
16767
3289
30528
16277
15074
22791
6368
18963
19120
16772
10020
14201
21057
3203
10736
31867
20426
28077
25942
10175
31527
17902
26376
19172
18640
5146
31219
17597
10546
16779
19074
31422
447
29222
26427
20560
8473
29967
17270
19070
6761
201
2196
11851
27881
15894
6049
3780
10353
21033
7454
12182
26550
4743
29828
288
527
7182
16484
13377
17118
2212
1591
5884
30791
19941
14592
15219
28512
27313
15346
28771
8924
4998
2997
25796
17367
26966
26464
20577
7835
6361
29383
18394
8412
15822
2812
25964
16465
11633
13344
10454
3235
11841
3655
21331
12698
544
11510
5485
18171
21812
15116
20353
20467
30262
23965
8709
32696
19490
1599
17256
11427
18404
13397
1257
6245
9660
11146
25210
12058
28277
7956
19300
27754
25567
15029
16552
20405
2609
3117
27439
9875
21952
14908
4590
10280
24334
27833
22861
25980
10417
8763
13044
7856
18229
28694
18219
22835
14117
30115
20755
31416
8948
19100
1781
32763
18648
14155
2678
14750
2867
20626
12762
6184
2865
9949
3706
7935
28553
26861
866
14785
13559
23382
9144
13933
1976
1125
20380
31883
1969
26693
8258
28373
8376
5318
2445
20272
15230
15395
27718
9533
24807
8824
15626
3362
13016
16679
6388
29230
14372
15066
20558
23472
24292
27951
13181
23169
29514
30161
11486
9520
32265
5477
9409
22294
13186
8133
23472
31318
8281
30069
12609
22427
30420
14356
14132
16540
29929
6091
31828
5122
9591
30404
27986
8432
3408
21335
30952
8088
9866
20554
4585
24482
2172
26414
11672
8462
11653
7290
27338
26478
16436
26468
20847
7132
22288
629
3010
20486
31775
19675
3638
11128
23656
18640
9263
16529
6745
16193
23428
3042
25026
10805
3872
31697
24484
6822
16571
19846
15118
31874
15029
29410
21274
27778
30443
5840
3222
23115
12808
2114
31606
4741
18777
7862
24905
28858
8104
19509
8116
15726
28254
23527
17811
32006
32273
13845
11325
1339
23852
596
7131
15440
23692
29603
21576
3501
23252
23203
24214
20982
27035
3045
17441
5385
7549
18266
8995
18293
186
24122
12788
5976
5174
4297
20852
20603
9194
23460
25132
4195
13068
29367
284
17592
30152
27398
5422
13724
11422
18284
2541
12358
21883
28681
4730
4794
18507
10395
26750
9756
28756
10027
12389
12315
11570
5960
29405
15392
1091
12047
17108
23818
12251
13250
24340
11305
28559
23893
8688
1453
31097
29440
1973
27214
13103
15109
12549
24677
12406
1979
9475
5352
12691
28467
2803
5468
11044
18242
19900
23618
14404
16081
11122
20886
21531
12389
15883
441
6788
14714
23425
26429
12428
21794
9445
4281
14922
13660
22314
22467
18508
16769
8475
2503
3725
20337
10523
1969
13826
10524
14903
30495
19289
14866
12943
8162
26171
1690
18991
23059
14836
30792
24088
27379
30543
15999
4321
15014
8049
18963
28438
1795
9560
488
13565
28579
25059
5580
10599
23518
3733
15050
28496
12267
2634
29
12734
24217
754
7573
20406
8518
26568
3513
24554
12301
22926
26679
4258
32433
1154
25989
10439
7268
29857
22282
5708
30148
32241
11013
17342
32510
817
23289
6699
15975
29799
4108
18251
283
23516
16202
25538
5544
20750
5904
11345
16988
8462
10023
2154
16683
8370
1219
11665
13516
7245
1488
29080
21815
18150
18773
13513
9584
18809
7859
5176
13805
6062
18061
32310
21270
7758
2435
15239
13400
13038
29515
21186
19931
4309
26581
3668
18091
26110
6522
29530
13187
17169
16745
17076
27613
30886
11120
10142
7359
14852
4145
11208
30741
6297
12028
16114
15268
23814
3232
3073
748
30180
8298
4571
23552
8718
1596
25279
772
2646
32381
13582
29882
2883
11995
13231
20573
5093
29368
3524
2299
6882
25752
11884
19187
10260
8954
20225
21506
22392
11071
13517
30753
25552
6186
11193
2860
16224
22727
31630
6272
24414
16871
29254
8465
27980
605
26305
28567
25129
21486
26266
29732
28194
22346
17905
491
25151
14207
20590
14819
5899
3794
18541
17721
588
25590
27731
21295
3549
16088
25775
14818
5551
9313
4230
17482
5221
28024
25957
7792
11892
23880
29530
7474
30858
20615
20097
32752
24063
5022
8081
9608
31311
7508
14592
19906
14096
9244
18088
18469
22392
28314
21756
7915
18923
14281
16272
26638
23092
5899
13651
31261
30468
19638
12324
15007
15733
7956
2998
5152
12875
27051
16641
21043
11961
1036
20019
1426
21310
11465
26663
14261
22844
4787
2423
7825
23067
17888
2120
11909
2332
1381
12206
10685
18900
18613
31115
1397
2475
12950
17448
15520
23432
7637
21446
7120
31429
6377
10756
20907
32608
22957
2488
18426
5174
3248
6222
14263
24367
2755
23489
26846
30402
1362
15585
26357
22764
26360
18416
1223
25752
29415
3320
26758
11027
18153
31082
11839
340
11129
10504
2498
25788
23013
4429
11901
22922
27682
30852
917
30207
5269
21948
2702
22416
8881
3213
17129
2847
2622
17844
14080
26936
1990
14990
30241
27101
7653
11478
13893
31222
20875
6672
1917
7340
32082
28598
24477
5700
5768
11707
25145
1260
27815
30101
14025
7806
2695
7259
12959
8785
16340
23327
20409
2255
21153
20051
1433
28693
622
9854
17162
13171
14864
12286
19659
7083
20290
10017
2984
11187
11707
1838
5888
3967
25125
31447
7164
6214
31469
8867
28895
29062
27563
6906
19089
22809
12310
16038
11509
18288
21432
716
14650
29099
7968
24825
20556
24496
6577
14722
24625
6407
19733
23091
7607
6663
13881
14426
26696
30902
26387
1874
32461
19501
16879
24650
25655
5045
8501
1202
20739
8800
17454
9508
11258
2702
19426
3354
32018
6501
4298
20576
30523
11647
31505
26228
1893
13740
13087
26900
31879
25417
22226
6964
9384
27752
29731
32207
1227
4511
27298
15092
25225
15614
23380
24098
20710
31903
27014
12237
28703
1588
16724
21143
27717
32640
20058
13254
13610
8369
5305
3618
3882
7827
8277
29880
23818
12549
11780
24568
28941
6078
19263
20436
2039
5825
909
31212
18593
14588
23022
9412
654
12965
2003
14358
12814
29053
18083
23024
5917
27571
14953
20421
11164
9123
9237
23516
25733
18101
9017
17516
4517
19103
54
21826
644
19266
29211
10392
4212
12483
7284
14212
27859
4305
27711
6124
2236
1747
18958
20761
4446
25874
25362
28138
899
23986
7172
2350
2747
12720
14211
1088
1323
3709
24157
21667
6106
23849
19816
12696
19541
16931
19452
18952
10796
186
7592
4851
17826
10959
6672
25542
10820
20054
21432
30310
502
1242
21591
7764
3522
6516
18189
22845
22668
23325
29580
19073
25469
1075
25822
19522
19850
32761
26266
29013
13334
25377
16550
26880
13466
20406
18274
31553
31253
18706
13559
10891
15093
14682
24627
30295
3508
18882
2777
29255
29374
3665
5924
4672
12874
30877
6934
14733
23229
3775
24723
19658
32381
1345
4126
28495
515
10180
23700
17003
2181
24886
22821
2138
12510
22974
10725
30136
10299
5469
989
765
30404
32556
13932
24225
29111
22460
17510
26788
11107
9292
1913
4572
14004
7605
30194
8598
20396
17584
30541
12908
32270
25422
25902
7646
11810
24204
21788
26251
1586
17140
6058
435
834
6742
9268
8203
1212
6537
21273
5947
13534
14025
9395
21594
31029
1044
2037
4645
9306
21417
13164
7799
14079
1530
31923
25241
20386
10668
27448
17426
30546
10683
11735
17978
31026
11037
19307
7465
13251
12587
21307
20787
28715
28473
1847
3390
23528
27863
27813
2303
19340
27821
30755
22089
1443
15579
13226
754
20372
28365
32010
11484
12823
2359
12260
5003
13773
15076
19641
22779
4033
5077
19671
648
30554
31410
18685
7017
5002
23909
23440
24986
8341
14965
25731
11059
32253
11125
9421
11286
32102
13631
14770
11068
29996
9364
14739
28657
20112
31385
18591
16351
22033
1951
13174
2325
9111
21511
15937
7817
26364
21164
18816
29738
32039
29823
17519
17262
3349
17795
18173
2008
23362
18276
12763
22118
30356
24796
3624
15546
23992
2733
29509
6469
26307
19805
21460
14692
1803
10277
8840
3181
7258
3173
29320
17401
27013
13609
19207
28001
22393
16843
3219
2839
28845
23219
13677
30159
9048
26436
11408
4070
25885
6261
26333
6054
6727
15450
5778
16702
28487
30776
25527
6088
20313
21763
17663
6652
5050
11754
16056
794
5848
12157
27293
14282
1584
31048
22565
21693
1253
5192
30195
16984
1638
22485
2761
31365
31377
18556
32489
2056
31925
23041
30199
9772
9636
15310
22230
23852
16153
9543
6468
9980
27682
6512
8780
17107
15033
30319
26351
8317
22065
15281
32164
9203
12541
17407
23244
25235
28051
16148
28476
26672
26597
29798
11194
12310
5310
20687
32635
26135
2827
3804
4588
13425
28605
31520
7069
19958
5886
20705
5302
5809
21669
13620
12110
8043
11417
32634
21555
22116
24782
25195
27787
31830
29263
9425
3254
15972
16747
1534
17831
30739
2092
6779
8052
20116
13398
11627
7147
28648
17022
12475
29946
16693
10649
22065
16993
32030
6497
1489
4677
29694
6216
29192
4754
15679
18956
12191
30505
26452
7862
25453
23654
29563
20338
8068
20753
10913
31012
15557
10057
24558
3129
27383
18500
20293
4547
16073
15826
32448
10194
23227
2677
14658
14816
27053
28081
22283
24073
21837
130
2413
1967
32211
16914
19763
15718
9613
4467
71
10414
22079
4020
24040
30473
18982
14984
17195
930
17638
12334
24719
18937
17832
31416
8208
25391
30680
17778
925
11826
15768
20639
23644
22918
17618
1342
16397
29248
23488
31034
28712
18299
14145
10967
675
16316
19316
28744
20752
8389
3726
20907
31710
13869
23895
12762
9890
2777
26212
7015
13897
2392
9738
11090
18877
8300
4429
28533
13137
12700
27271
32138
28450
30923
17539
12887
12297
29187
29494
31272
5889
20664
12281
27126
20647
11134
10718
4999
26160
29599
7875
3910
15447
29517
5774
9469
11223
30355
6549
11473
22919
24753
24354
1361
9524
30801
23996
30643
17504
25279
5894
16237
20506
24566
17180
27084
10639
12720
5566
13357
14259
8085
2041
7848
4337
30038
6550
20162
31083
32040
7621
8139
3060
24795
17351
17559
25883
29771
7230
1695
11289
31782
22740
22000
27514
7256
2970
26214
2927
23769
18462
30298
17260
28978
4597
31195
16468
12353
2976
13140
5326
5269
19196
3935
21015
11795
4424
15004
23437
8611
30112
16990
6350
6971
28081
22297
9052
11865
13841
1017
19688
16135
7637
22985
12248
1323
5636
2524
7393
19023
6815
1926
7753
25932
1167
7436
17830
27648
28003
32315
28555
15243
18293
32617
6140
20171
9706
30241
25554
10854
14967
29169
18408
16921
9538
21847
8929
19595
18992
3171
10395
12135
23705
27529
26295
14170
7171
13222
25326
11429
19565
16296
10836
19866
11186
19140
30083
12785
24877
26512
25807
32197
21662
18794
6798
12212
16419
17350
5166
23429
29112
23230
1055
11267
28765
3610
9658
23573
31314
23157
15278
5517
4741
10005
12082
20913
19851
25544
19504
6616
29296
5897
20852
15446
32171
8291
14202
24369
11749
18066
30840
978
29123
12974
31068
25355
30316
7669
21348
15270
153
29352
16512
13216
9717
21039
9375
14518
253
3172
5270
16005
12089
29275
20982
11508
16639
3651
15674
31708
13004
16453
1394
9097
3265
1336
17054
13393
28378
5609
10709
8537
27581
2318
17689
29171
11328
28306
3691
6402
11402
2803
8237
18593
22940
1388
31578
4971
20286
11644
29560
5419
15593
5477
17881
24845
16959
19262
12499
16345
11609
9238
17419
32437
3955
2600
28627
15208
15900
27204
8081
21378
5038
14210
31553
2843
25580
2844
28287
4023
20966
32017
18546
7008
27283
2704
32707
15213
11947
9703
26018
23630
21948
1987
22970
7003
1529
12519
18300
30202
12432
27728
11671
1974
25172
22169
7858
3541
10025
5065
24163
15294
11964
8933
12305
2669
30842
30533
9501
29023
11217
26082
3845
17710
6325
5077
32305
17394
3678
22682
12350
28658
15246
5862
24171
15682
15020
5511
17997
14541
7101
19004
8834
23316
25348
23380
32208
8581
1668
20809
31049
12199
5662
29744
4911
17467
13825
19730
14031
25147
5174
17870
3340
4513
19045
31048
23048
14217
537
13807
5409
31429
28018
16117
17435
22158
2290
15257
8677
27054
19908
682
11860
711
17805
16203
11583
225
14588
14598
18332
3498
8444
2623
16271
16567
6824
24495
10904
21248
17352
3957
23129
28152
7994
3646
9093
31820
11673
614
20300
26755
3548
4549
30862
1980
7749
10472
4643
31428
8730
27652
19371
3411
29645
6096
21544
18161
23793
4828
26982
22855
25961
4956
9004
4399
16148
11544
321
4629
8590
19622
10563
7251
12937
10256
26302
13878
19771
5204
32603
26044
15842
4304
1249
13845
30562
16019
32294
25928
14583
20075
31331
3048
28794
7038
4463
7705
2512
23419
4913
29922
29575
12130
28863
11820
7005
17677
9358
32374
22595
5178
14518
12121
7668
32350
23947
9865
10996
428
7274
30734
3133
31059
30272
5195
22453
18347
15508
25599
9640
18547
12083
2671
699
6790
29947
29359
6050
7656
15166
17977
24592
26368
29849
21136
4325
12440
27860
7792
23810
5503
26633
24513
32203
10369
15351
18369
30088
9010
4815
13044
32052
12559
31567
17339
26356
3598
31756
12616
2610
19851
15093
5445
20768
28946
10714
9185
28676
362
6289
10648
913
7868
27744
23747
25010
9575
453
16553
27635
25474
25671
8830
4788
28694
25650
3099
2055
5223
7149
7222
3877
24121
530
19708
6897
18858
2230
10301
24489
16004
14113
10626
2576
9986
25648
5912
17211
28763
31786
30009
9481
11953
19578
113
11234
14322
12927
6922
25768
14916
6885
8891
20023
8961
26465
2746
3258
15007
28349
2956
9860
27358
24850
25416
23580
10505
2257
30648
16829
16203
9915
14907
11256
29179
16776
11003
17405
7064
30049
23730
32591
14415
18647
10408
2213
13589
22341
17580
9671
31837
2057
29273
30974
14564
29942
25966
26367
31894
14498
27058
17292
7183
29105
28212
21587
16335
29330
17007
10021
943
22575
259
980
19768
9432
13915
21192
16057
25557
23224
31280
2790
26469
14120
22295
13633
18191
10188
2076
9156
13236
11899
644
23108
6408
29147
4129
10371
25019
25645
25111
7516
10538
21181
19999
29373
19125
14851
9906
3204
5111
27782
32123
28270
22320
4742
14575
19728
8369
12702
13209
26686
30387
17103
28724
21709
5836
27967
29892
6052
22928
32607
26278
16097
6351
31349
22490
17467
30930
12100
15521
18117
24994
3792
8159
10827
27133
30896
8467
14260
15452
11317
11787
26
30347
25464
17021
18077
12167
23432
23435
8624
28000
29225
13850
25100
22105
9277
26848
5904
30056
27958
8848
14885
4283
10930
21315
15147
1475
26406
3180
1089
12735
23162
12402
6558
20926
8936
4988
14367
28453
9377
19582
7022
29439
14083
9364
13509
9748
25498
20177
23509
10031
20768
6351
5868
1086
10836
27276
21234
1535
25257
26114
18497
7875
29385
21192
31766
27617
5532
19134
25066
29175
9656
10095
4800
7715
7754
30773
5324
30969
523
1145
15276
7209
29712
28945
3396
18802
27673
15943
11289
20932
1672
20267
3964
14888
8343
19153
2721
6846
13554
4966
12360
25567
25568
18229
18571
8860
13200
17019
8470
23210
23097
24754
24826
27993
22553
8159
29560
30814
32363
17541
15101
5910
24530
23835
18415
3051
11949
2689
18891
24939
24048
28166
15457
30205
20200
6572
18061
2338
12144
30369
10803
805
32452
17343
30954
24145
28594
18863
15434
6034
25145
24594
32411
2645
19959
9035
20933
28944
14621
6767
15109
4218
13567
772
2337
11254
25036
16598
11611
20772
3541
23365
22582
2326
274
17430
15723
13857
5469
12857
12629
643
8696
1054
20184
29125
22646
19633
14458
14154
17421
9069
31628
8355
15627
4218
17224
6421
22051
27429
15624
11648
8198
28282
8623
20820
29842
15818
2654
14735
25715
3461
28083
10173
14978
21669
28241
5487
6667
6822
18572
12699
4439
17689
17339
16446
32455
14870
458
21739
9480
2614
19032
23963
25225
32652
3181
22637
28661
5705
9321
24197
17724
11868
3424
29431
3791
26344
29404
20696
4767
15797
21114
2640
6457
26586
27595
13069
3376
8232
28303
30437
2820
19185
19709
31276
27453
5203
27181
13403
26004
21187
12612
13661
25250
18488
14223
25713
31605
24396
6954
16294
27829
26498
23039
30959
148
27234
26836
30948
22944
23350
5446
1783
32607
21229
16610
10815
23148
26001
18897
7614
3351
12561
15420
32683
30951
23842
19746
31092
2510
31104
27792
24425
25589
9851
29124
30180
8980
9166
5998
28475
11307
28074
31270
24165
25715
20039
9236
29262
29434
23678
24089
12195
12425
31853
14325
18813
1531
19438
15767
3047
18799
1134
11409
4903
2532
2841
3284
20897
9864
10065
2103
8389
22615
12522
19121
32759
20237
23531
745
14415
29045
19599
22712
16014
13368
8817
10618
2809
20038
11173
23235
31221
25404
20566
23263
5581
8654
12059
15775
7843
27275
15351
25235
28727
6378
6223
10969
23008
1352
16205
9042
2992
27966
9502
2684
9862
7131
31917
15613
13555
15302
22797
21001
22556
14476
14122
21412
18434
11843
29438
15837
8393
30234
7187
22747
6874
24574
19001
21744
28507
9380
22177
1044
29033
7950
31331
4466
1103
5404
6443
12723
16859
19418
2264
11794
893
27812
10712
18598
19123
20056
28353
14457
27886
27117
8376
14103
30488
26790
18053
37
8157
26728
26345
30678
10731
32327
17299
18300
8832
295
17701
5456
17034
15734
6209
4199
15524
24266
12549
26875
9270
26365
23778
12741
927
1028
25510
20160
22481
32729
6153
25427
28652
17413
16702
23924
18795
31089
4679
14455
28327
1704
12126
23619
30342
4001
16193
1927
27675
836
11149
31149
4769
17965
2578
25613
10222
9139
18589
3684
19676
16331
18509
13836
7159
10582
28226
29245
23044
11766
26321
17696
25170
3332
7476
14536
8340
14373
2102
5816
20269
31222
28763
4452
11310
17294
6505
5547
5583
21549
24608
2309
5925
29250
31650
11969
7957
5545
12246
17410
22513
23433
5655
29840
13186
15953
19096
29715
10497
4594
26526
12478
4636
29083
3673
6902
20371
5481
10460
22656
29743
14272
15468
27399
9285
19567
4746
26399
5906
17691
29185
25144
24808
31111
16270
32212
31561
26854
20793
27705
13967
23139
691
17
9384
4676
28676
23743
27485
20022
16377
2756
12756
6731
26483
19094
26325
1640
25806
11920
12589
15511
601
12111
24844
20321
2966
14254
28372
1702
23282
19524
6088
24802
10803
26956
14700
11143
29306
8736
25741
30594
20591
20900
16822
29546
19391
28679
16561
32113
20942
21925
31209
19703
3585
19322
16737
14450
31574
26143
1851
8665
26861
25129
9006
29725
14841
13030
18455
28182
28904
30781
10378
22097
18216
14294
24924
7749
3803
10781
4137
6996
7343
1872
12334
26454
13722
16671
11391
15600
5734
8478
4278
27987
6921
23533
4818
24813
24523
16161
20410
1930
25469
15453
24749
25229
23833
29589
5325
3968
4694
7035
10079
26145
23603
13295
32192
10738
11052
19588
22262
29919
8987
22128
23033
22039
13509
5496
216
13880
14921
26156
5925
2829
21875
12399
28811
12369
21894
19004
30047
20800
25691
2637
20727
27700
9688
6865
26525
9789
2015
15183
27688
24071
21358
7421
22366
14661
27433
17155
21549
13311
27199
30925
14573
2449
32728
8175
12274
20928
25876
8772
15752
18035
3133
18040
3944
12840
8248
3952
25532
13477
17042
16470
17261
17750
17805
13549
18674
8705
2815
25164
15861
6952
8404
17128
9656
7358
24082
28734
31975
6110
15231
29609
12191
16819
13717
18450
12385
5415
30939
754
5946
5410
5591
7258
32609
27891
30697
32156
23172
23635
7744
3083
6321
23438
22478
25529
5031
13035
10444
14319
28371
28565
27797
21836
2624
32645
15904
3058
27188
4860
4916
17093
13520
9145
2852
23028
21233
22454
32622
19901
6219
9158
5113
17301
19025
27651
11616
27609
26700
19011
13274
1527
10377
5022
4311
17411
8865
26976
30685
5688
26783
794
19634
1730
31223
16948
8005
11806
3693
1834
23014
11943
18492
21629
26604
22762
17248
32589
21204
22164
20639
32098
16563
7607
21812
24614
8933
11910
19877
29541
14093
13513
12703
22909
20901
3881
16483
26804
19417
14160
324
12832
4311
16064
21868
28168
22635
26174
12752
12378
21036
21601
5205
14587
1452
20038
15884
22693
16938
20935
11466
27566
28583
6680
14385
8766
3191
17890
21277
25644
20349
5468
9118
28448
28244
27808
18777
20138
355
4596
10408
9964
22066
21948
17869
22565
2518
14369
31329
9091
5912
29467
30150
20993
32084
30536
17018
32725
23513
11907
7196
21074
30552
29082
4140
22858
1302
25829
14009
14013
26534
20218
11620
16433
13127
9044
14662
19026
27491
24101
11018
7335
29171
13812
16488
15029
12992
27539
1306
4258
3489
26880
2653
29056
1459
15620
27985
30020
25053
4775
29695
15469
14984
2132
22164
12571
6913
24690
912
29432
1062
1451
9076
19907
27762
7198
21490
5979
6192
10740
1099
30596
5249
25820
18786
4721
2201
1226
3921
9245
1978
11327
625
8476
1234
3717
30919
30604
23842
1526
10490
567
6712
4134
25723
7091
10761
28401
14896
23852
24303
2683
8328
12166
27008
31582
27054
14607
14164
8448
12233
4980
6155
24242
12012
31093
4020
19883
32734
29380
24015
27463
14281
6282
17447
11082
5372
5600
12054
28112
5215
31654
28033
25752
32113
32352
10616
11174
9091
22952
3078
1262
7631
18790
31429
28880
28301
5483
24556
13920
10943
29498
9088
24483
28298
18255
15896
8441
16634
17376
13577
13259
30168
32297
20051
25188
8136
20212
30010
21242
28535
19936
31640
4938
320
7417
17753
10334
3108
9974
31958
2394
10164
22896
4718
24685
9509
6184
16378
10903
11651
19195
11304
12066
32574
16653
26424
26888
4186
24705
14909
23241
10303
17193
10552
21417
2162
31891
24206
15624
338
12077
26918
24087
9917
8023
25770
19734
14368
4488
18248
3386
12351
31776
30174
7584
19442
19612
10466
1257
15524
29666
19747
18236
5405
27972
22992
24203
25727
3791
9942
29045
5824
17063
1020
30182
9994
10757
209
11175
8457
27542
30500
25640
20609
7021
12696
32314
24930
9182
13161
30920
14000
26700
12838
27110
3815
13508
16724
26693
3210
31810
23130
23444
14210
30371
12755
9525
16838
16747
3936
6668
1574
20913
6095
5521
15830
8842
25050
20451
12583
6411
16121
25836
27722
25687
27036
4198
26542
29215
16238
8356
11933
9146
7312
8281
1586
1344
30596
32297
14728
27839
29759
11179
21367
17304
19697
1876
29050
27681
3998
16888
12532
31330
21550
31584
14772
23024
18697
14583
3776
18638
32387
15734
836
227
20289
842
26319
20232
13594
18246
24332
15208
30130
28043
7326
54
10677
28896
26261
2980
32235
8270
20393
13758
3463
7229
26563
15640
14451
11622
20118
17642
32222
22881
14018
30057
6678
2189
26531
10374
25375
11019
31722
9641
22849
1788
15155
18309
16861
24440
32109
932
29865
9355
32535
23468
21720
5459
282
1938
21708
8595
7024
27058
28240
31695
19197
5458
20976
16023
16320
21019
21323
24981
20194
925
5757
24189
8396
17879
21746
1949
9637
10544
19678
5311
18646
30334
4029
7158
8470
14014
19857
17252
7237
18638
19807
18472
11239
3082
13165
11471
9529
20238
21269
8833
6511
24236
25044
8844
19901
16324
27820
6444
28533
18615
17602
9745
31894
3971
25843
17841
1644
32330
24883
14457
20621
32297
11802
11280
15719
30750
13339
14091
25537
9448
13740
8067
21893
2142
26784
2028
20689
2546
21254
2665
2860
18629
5848
24750
26867
17060
15320
30361
20991
31414
16864
30389
19259
4429
1970
1892
32436
16579
12915
7076
18140
2765
5692
13934
22430
13285
32217
26133
9516
2447
24276
10994
11107
523
32600
30083
10927
28226
24461
8287
31784
9691
23861
27640
32588
7877
19958
16547
25958
21252
26670
8724
1772
29846
22100
22498
32613
20376
9216
28820
13820
29118
15838
32251
10674
8518
1889
11651
15807
23984
13787
18949
26969
22305
9558
7776
9602
19478
6338
6717
285
28549
13183
30559
26127
23701
11172
15224
7958
31935
10573
14848
14127
18785
7761
1683
22258
23129
26472
1973
22388
31224
24888
9259
17481
13913
11368
26889
18602
32312
8880
30635
23385
30014
26049
19067
15502
31506
2024
7228
21857
30714
30043
18024
17131
18990
2819
3276
8732
28931
22619
11458
4103
27634
26719
24183
27588
14311
22211
25621
997
29015
6819
18928
6588
22857
17077
10648
13619
84
21350
12227
19603
23797
5364
19091
25974
12193
17349
647
31412
660
10231
10799
16534
19776
18839
32370
7233
14105
8216
28420
10898
8525
3733
32510
29107
26218
12984
31176
10932
17785
17542
17916
32499
16041
19648
1283
31924
27192
24562
15922
17528
19401
30493
10970
22857
4705
23581
27186
1700
1533
14662
17782
18256
25786
10499
16860
31123
11670
25589
18978
1313
9510
718
27669
29984
5173
13366
27237
18082
16698
25512
30208
32225
8062
10154
8271
24111
6256
10295
27726
18206
11968
1451
31377
24300
12295
27575
383
27491
19912
27469
20987
5881
13377
3651
31963
6336
5844
10849
4752
29713
11840
27237
32695
27992
20868
15574
3373
7710
10401
23299
23325
12577
17745
20401
29555
9658
17164
23013
20547
2984
10726
18289
3875
21290
8432
23788
17801
12432
11846
10046
27326
25627
19217
26120
8352
17788
6774
22301
26110
9556
23091
7211
11074
30855
23986
16456
26029
2514
16453
20347
18346
16063
30496
11124
14279
25007
24998
13960
13909
8135
1863
3729
21648
1608
2073
23490
9614
16419
13991
28166
21207
11698
17019
10138
10268
12915
1179
3113
28224
20774
20309
19715
381
13915
22624
4211
26117
28540
21828
27384
24840
21629
20178
13640
17756
18068
20020
11690
20392
2604
23862
2808
31317
21183
10140
18271
11069
25417
9261
8768
9270
32309
26798
12757
9366
25521
14642
6222
9690
3904
18257
19608
21281
10250
6643
26211
29904
16743
30817
19144
7271
27744
12294
32001
10149
21134
24069
17150
8712
1021
32565
11938
534
20662
32306
9209
30300
922
5774
23916
19233
25139
10140
18049
17587
7993
18827
14315
6992
27391
10769
28567
3193
31079
30696
9587
22854
3677
30299
10770
1036
5127
26969
22376
2836
24476
2733
20164
23369
8176
12923
12147
22863
13507
1163
14096
11407
30456
2477
11873
22294
2207
18734
22734
12206
13213
905
15999
15762
5363
2796
16615
13423
24815
13817
16492
3498
13129
26699
22138
31499
3985
22690
24088
31793
5940
12814
2010
30757
32085
22398
30804
26710
14645
16921
5785
4884
20963
29435
26371
13362
22709
2126
21321
1497
10540
3655
25883
17288
22171
4201
19618
5714
30808
1082
26065
7572
17055
5406
5340
10584
9581
15976
1792
2851
1094
13456
2699
25771
1853
20682
7841
16108
32628
2815
17229
15726
7045
27961
24114
28547
5706
23544
9799
26053
3878
1144
21360
32428
9168
21382
2707
27563
1955
16792
28271
25872
13199
12926
25520
9544
1029
14567
17003
32747
5228
16117
2763
13979
25171
17439
27080
21754
11876
10887
7955
2078
24518
20744
3074
239
5830
18930
1512
21282
3179
27460
1648
360
14706
2698
21062
20030
13059
14764
16371
5825
4637
19767
5113
6070
31225
14637
9804
28006
4381
16199
5155
3645
30109
22557
27855
6857
14169
18448
28592
9081
32321
10249
15745
14646
12120
17089
6803
31467
10872
16046
24925
31794
13063
22197
26861
26539
15092
30179
26580
112
13584
11870
7754
11538
10755
3396
8833
985
1965
3584
9013
261
20426
21713
6445
869
18596
28179
30549
13374
4010
21326
1322
25531
21022
22536
19663
27494
7167
1099
29663
11130
20160
27799
11199
2345
18292
7243
31405
19935
26724
7106
23093
5322
25356
19982
7064
4173
12489
765
23694
10444
3616
21957
14535
3108
15457
15108
14434
20789
22834
24417
24352
30846
22204
8308
26325
14870
26195
5701
29077
15423
11598
23349
30514
21856
22735
29882
27656
15906
22194
2026
21732
9435
26308
17340
24753
26424
4054
6574
25146
23995
14876
19562
31184
12915
3180
7325
15033
1150
17665
16146
28939
3651
2560
3233
8078
23582
5991
20591
32497
32095
10019
8154
15202
25470
12625
8476
29054
14032
2991
11325
9768
15967
12791
19274
12376
13383
28715
20929
31790
18816
25935
15166
20556
9815
15542
22079
2240
24718
2664
20299
23408
14259
12644
16697
9899
28032
3134
9474
7461
3223
28011
5731
11519
1725
18971
1824
24214
4388
29673
24266
30715
10494
10639
25948
22319
21408
8015
31589
27303
8817
14039
29741
24837
28118
21763
2796
1596
27289
4783
3698
29099
13972
26687
5176
12987
32762
12708
2413
10567
13703
16730
30451
31994
23326
26471
6838
16174
15551
22101
8993
19135
2299
11557
17844
17306
7390
4140
14990
21164
10671
24221
4382
28897
11312
12178
23122
11066
17244
26870
7894
11909
10933
1304
5219
7495
30679
5052
13359
12073
25591
27935
16374
17861
4430
14256
476
14242
21719
4513
10472
6379
10597
2887
4490
16607
32253
2967
5421
30872
28766
6369
31958
5128
14718
15102
4805
18122
21173
16193
26494
993
28583
22980
2719
6314
23923
20730
21619
2721
25447
6920
16704
6638
31149
27851
30495
15363
19827
11484
27125
9529
29036
11701
23452
28983
2472
1385
11699
4533
28567
18780
16006
19691
5453
13935
939
16492
3831
10162
29636
15168
28198
8337
23468
24055
23361
4535
32202
17544
15882
12692
1241
17447
31407
5990
30241
31633
8994
12022
14685
31841
21507
11769
25797
27181
2360
24434
7688
3583
20223
205
3967
20763
5476
9714
25146
15821
31586
12944
13403
18954
5930
10711
10773
5335
24578
19583
3852
4051
21949
14663
28922
960
8272
16955
9140
10754
8251
22253
30571
1238
32288
26650
24259
22731
13302
20428
21206
19648
6596
10044
26946
19107
11186
17556
5382
16995
30371
3439
6301
12824
31186
20559
31381
27304
13260
23887
27792
1827
1423
28605
26460
23891
1587
3023
7291
30640
20703
21097
24972
17737
8564
31124
15888
21862
20748
3705
15988
12399
24783
18920
31568
29312
1167
7960
27542
22892
30363
20165
22438
3996
5753
24668
24818
8359
28704
13059
476
32350
21122
32353
9132
26975
30771
17051
29962
3508
29363
9524
3514
19439
23140
8908
6624
14089
7509
32116
15395
29555
31161
11540
322
8003
17693
31907
27801
25824
20403
16151
20565
11900
2101
4482
14153
8769
1695
4033
3010
8353
1197
20957
9346
3966
3555
17263
22155
4939
15925
27570
3171
16602
14963
21523
27023
21831
17783
3416
22776
7466
22664
2824
28556
2018
14300
4362
22148
21167
9029
22138
25345
12643
17313
4562
26646
29802
27211
14558
28837
12091
15188
12120
15432
31431
4946
12360
24331
8197
1467
16644
25550
15616
22192
12022
21718
25583
22094
7143
5723
678
15316
839
16912
14652
7888
18624
11957
30554
9979
724
12369
5640
24017
797
1202
1357
6926
22808
2545
24153
15812
22555
5078
27730
4387
20012
16856
16214
10092
11250
3651
13357
9993
7675
23148
8557
748
9350
5585
9843
24818
8694
28516
7482
5685
17925
24726
10266
1624
30607
19563
10281
32117
22848
7771
20972
19209
7336
22853
16929
7522
5104
30226
17743
13106
3470
7876
5035
567
25280
15811
29438
7106
19539
13019
16791
19823
8223
1434
14634
21200
19871
5444
32552
32485
24569
26104
23522
11743
22541
29399
1724
20920
17905
24888
28265
26970
7302
22015
23781
32084
3648
7087
3377
1048
28546
13834
31864
11862
1214
21326
27445
27497
3006
15346
21188
23550
11013
4854
20885
2760
3586
28095
7375
30149
16603
17956
25427
32416
9084
15896
20662
29309
7603
4561
3196
14571
8446
8441
9335
441
27292
1138
27626
21815
4854
7260
27200
30637
1228
5029
22681
16582
29656
29950
26490
11931
23085
16119
3471
2229
23422
65
30519
11939
30301
6372
14873
18237
15273
9179
17439
23289
9230
32613
28552
17807
10943
17228
28449
7822
12531
14301
13419
19633
19234
8984
17967
11356
8298
29161
5182
16618
10862
11457
21875
11685
5191
31054
13383
8783
631
9592
28360
11396
28962
23541
18915
12972
32303
13522
4745
29237
12893
25017
24926
14611
21238
20956
28894
30585
4876
26319
5609
19610
23065
8718
31140
10434
32219
6138
2311
23473
30695
11150
19141
7467
7897
1072
5588
31617
10259
17913
17552
5157
25289
13897
18009
2952
9236
4135
18489
32380
1822
13811
2056
22913
6275
23617
32305
23493
18652
11932
16586
27620
6038
1563
26942
28002
11339
10664
27636
8797
3222
3968
22466
12678
26551
5967
27851
18415
7509
32109
27936
16475
30422
12951
13533
8467
20317
6813
3078
20192
27869
19251
5153
27464
20755
19321
30414
6646
18679
20782
21901
3066
21338
27174
19853
28746
27535
2985
18661
3812
30337
1795
2775
30979
26954
16746
28454
25156
10560
21379
7775
16735
964
30398
13125
28104
25361
5602
14919
2235
29322
24349
19388
31996
2082
30701
23878
32296
10997
15104
18034
465
1892
30036
20129
26064
14217
32273
8807
13486
27476
29486
27529
21777
27645
22080
71
15714
30428
6204
32222
20564
6550
14000
9950
6790
5183
29572
6310
28133
24221
672
22441
30518
3548
1490
5635
21466
4622
1269
10283
28719
14966
30034
27151
11690
26866
6424
28295
18934
4887
7075
2620
28118
19651
24783
15806
8720
20831
15930
14752
19487
13934
28123
1560
17913
31791
11275
27481
15277
19909
8738
24327
27988
6169
135
12482
17656
16224
15821
25205
16964
12823
24339
20300
25948
8620
17231
15695
12565
4864
17069
459
4220
25626
6333
25128
5825
5044
10298
16499
9810
23787
13687
14529
12413
4617
595
24685
31694
1772
1981
24992
14379
19163
31722
7347
32067
15543
31738
9175
9975
11997
2043
3495
11227
18577
25024
4082
28758
8241
23762
20839
26457
25428
13432
5277
5835
997
2955
3679
25278
986
27653
15088
20071
5233
1662
23881
16499
26125
28654
7995
7763
7865
23498
14905
26387
19774
31552
4342
32294
15074
1780
18629
11094
5004
8722
21786
27870
12608
30318
4401
5862
19689
9276
554
1101
22766
1310
24006
27973
22357
11767
8237
28609
264
18622
15049
6475
14528
21350
13784
28054
17814
27784
5704
27141
29751
25575
24870
25757
16746
1174
26305
3655
27138
17289
5285
26854
22630
4499
26621
13012
20879
10938
2532
17265
21340
6219
19044
666
4348
1586
64
8003
27853
21207
28754
29688
12334
13456
165
17853
26556
16370
20406
30474
1553
1931
19989
28824
7413
23809
21485
8637
1547
20279
29449
16697
15259
27529
22143
22347
4657
11744
19631
4502
28397
31345
20586
27840
15400
4808
21108
9074
4692
20934
13834
25635
26627
27670
25917
10440
14037
4204
3900
27911
2433
28284
4577
26203
7763
25449
15224
30004
28005
20368
29942
25054
275
7620
13479
20943
25724
26114
16079
12544
7643
21958
26102
5089
622
569
25714
16508
23461
20005
12920
30762
6030
30850
22495
32281
10045
389
4015
8794
6213
3163
3450
26075
2608
13322
5535
29713
21167
22308
26503
14399
7079
11284
26849
14804
25397
31615
13156
28098
27192
483
14772
30816
18846
29395
10540
8080
1602
25249
1895
31106
29528
1081
31504
9986
30178
32362
29852
13051
9831
28438
3457
21182
19992
23379
30417
32490
2164
26668
32253
481
17832
219
25010
7132
17608
16850
24884
26129
22631
13084
11034
12360
8607
32049
29233
7333
5960
754
25522
25282
16587
3668
5786
32575
13127
16876
20634
28198
14159
28485
13927
1214
2689
3827
5652
18010
19116
15905
22052
25355
28282
13335
6435
30581
22861
22584
17578
11635
8061
30252
27895
16948
4390
5720
8881
14547
30263
19802
7321
18857
8852
25955
30811
6357
25185
8213
21334
26573
29646
6575
24141
6095
31055
29141
4460
10469
26630
27406
5800
10167
3670
13478
24113
27320
4247
4486
7096
24056
3221
30444
11564
15553
26073
8660
19607
12224
29513
32446
6023
12081
167
21236
14990
23769
22987
14363
21812
2582
21520
22449
25675
4417
29412
10031
12277
24835
15195
