14413
12075
16508
4000
3420
31167
21582
3231
18273
9700
14855
6326
10162
18678
6961
19023
15014
26734
28286
6537
27291
15871
32699
10162
14276
8562
2677
646
8371
13377
21352
24357
1962
10998
27820
2262
8353
20545
4254
32638
13335
7644
16271
478
17049
1823
3119
32655
21779
20834
17079
11967
1498
5654
22233
16809
3701
19106
17513
30678
26159
27135
20168
1813
15709
7186
19220
6203
24943
30412
24849
21403
21945
13572
28374
14660
11519
32527
31543
16637
28610
8485
25334
32257
6989
19315
11433
17019
1406
14335
12137
32448
12629
21056
30783
22606
24638
15481
6735
13448
27678
20185
21954
13103
13856
27732
16757
21664
13884
18751
25443
18384
30604
32686
25555
7175
3406
3470
18241
21087
19640
6273
23309
2812
22399
4988
16613
18952
17190
8739
17651
4214
26887
21983
27335
17522
11042
8389
23811
9642
14761
6694
11209
18751
9543
28918
1509
22922
18996
10205
22713
5519
24570
30495
748
19522
14852
28716
1490
20348
1259
16134
24985
6843
3200
9559
2105
10652
22169
2894
4890
14874
7836
16957
10114
30340
32205
21748
13765
17216
19543
475
32554
11329
1820
15057
3743
11849
17980
18120
4125
22496
4199
24861
13017
32272
5859
29368
560
229
9820
16616
24911
23463
22639
11771
5541
31957
20981
26528
3082
8674
6671
7934
17580
12975
22006
9872
4542
22731
30080
4551
5343
20076
7281
12893
10059
8493
21639
3962
6339
25733
21571
12938
28989
4107
26233
26073
8524
1388
16023
16627
19789
31272
17845
7870
8023
16655
11360
22867
19424
12159
19750
26529
13615
6746
11233
14529
22918
9930
7620
26902
30731
27316
26151
11564
6266
6397
21522
3662
24973
13695
11403
21733
27174
3274
28064
15507
28994
27547
13875
19987
10398
21020
24200
31439
32295
7905
3471
22078
4130
28062
22258
2308
14368
9642
11743
22983
22687
29748
14482
26578
22912
11847
20649
29548
32557
22143
15399
20470
2182
17033
27461
23495
16272
7260
18173
6600
26844
15161
23636
18638
15801
4195
28778
5306
23833
9119
18754
15699
24388
23402
14162
20190
30782
3325
11210
18563
21753
4097
26533
19551
7995
21010
3952
13672
21581
9717
12253
12036
23145
19098
32519
10857
225
26064
26242
19891
22287
28362
8746
14534
1536
17493
32681
15338
6367
27351
2757
23583
24611
11783
12911
16709
23416
8814
12939
27117
22127
17057
20096
16636
9188
9275
10368
28934
9267
157
16788
4452
538
3429
28271
2331
21100
24751
19695
17260
635
23822
1650
4666
16707
24904
27358
23072
20310
14293
12399
25679
24971
534
25663
29224
614
6998
22423
28317
7750
12161
5623
22855
9809
422
12263
18247
30240
7726
26236
5599
26665
29914
937
10956
17648
5758
27467
24169
30957
4735
12530
27524
15676
12302
15984
255
7943
32545
22308
20775
4532
32054
1028
15060
30669
18887
13419
26693
20147
9868
8104
32696
26882
16243
13122
16844
25539
30304
6669
12695
16981
11940
10222
8839
23832
21567
13933
18425
3806
6870
15871
8859
19730
12402
14353
26498
5798
24574
5588
15626
26046
24447
22475
26993
4126
17937
4630
20274
16980
26021
27004
21283
421
1148
21818
2126
24760
12898
12685
15759
21252
13739
28417
18674
19195
19439
27256
11465
3828
14981
14841
29328
28889
27328
31294
22402
21653
3564
26876
9975
12602
1286
22512
24196
30966
2111
17582
30673
5044
18991
8489
29752
22673
4825
6401
1571
12805
3683
24463
29730
22734
19346
21170
4559
20891
9735
32344
27234
6526
6203
19660
30995
11535
12604
28609
2867
22111
10789
20002
10249
28067
22366
663
6765
30877
29081
14039
30758
21705
29319
26544
17156
22605
350
24024
32702
5534
11020
26481
24201
11761
25144
7774
20860
24168
765
18248
11431
13305
22117
5486
11245
4638
20903
24369
31397
30783
3361
3931
6388
12767
12052
24371
15080
23944
17953
9537
32085
30327
20359
17633
3184
19720
25882
2698
6189
6624
20226
220
12888
6108
30009
2667
29301
20669
27842
19533
31577
2192
7338
13669
16005
29662
14016
11886
6469
9368
19
16071
10125
22977
9520
12801
26766
7641
5656
2600
4379
24589
9731
19157
10175
29728
27352
26864
18074
9495
6247
27461
7936
18087
21356
1998
6863
29023
14404
18874
14228
21909
4460
3137
30557
20754
31167
22055
860
13181
26220
25105
23616
23944
21688
24459
13395
9948
6009
14549
20308
14021
78
26993
1042
15261
24735
12653
15309
11514
7768
12656
2892
1175
22628
15239
16830
6659
22252
25773
2385
3339
17228
8988
30100
27368
25561
1366
7053
31273
22358
19954
3994
22879
3119
39
25864
23690
28539
10522
2932
21830
4020
29159
9701
12725
12083
18033
14247
7723
622
7402
17126
5533
5618
10785
13582
3271
6174
3727
15588
9247
677
18463
26212
3196
24513
29889
6233
2694
10040
12717
20415
17628
28432
9079
13528
18696
27665
29399
26128
29476
32255
18998
5266
9288
17300
8184
20134
29627
29247
22924
5073
18133
28063
4917
3755
31669
23230
6293
4222
4776
11022
23038
10915
596
23332
27257
413
8872
24886
21138
13810
23172
1878
17385
32461
31783
11627
31098
21077
31836
12020
20647
14283
28772
26748
26378
8038
32418
6365
18685
23534
11785
6708
31974
6682
16454
11944
30531
29098
684
23770
17273
27716
16867
6186
27996
7696
19536
12464
30589
11282
12099
18165
27191
23626
6884
16245
18296
2957
6363
29141
28496
9506
448
4068
16699
30748
23881
83
1583
1658
6445
10548
28516
10751
17115
26165
13798
10962
12252
9881
9947
9174
16648
28410
10388
20679
11372
15040
1110
8729
31223
31071
231
12945
7911
9045
6615
31392
25590
8927
24468
23938
579
3198
19499
27675
8962
25389
6367
31116
11747
25695
24683
23960
4675
6074
6679
186
30485
7830
14717
3586
32143
32564
32536
26291
660
26558
17809
13214
2788
9475
22474
12348
17925
18671
7078
2958
21488
15563
7583
31413
14716
15162
18693
22865
12171
28143
22807
29594
14583
11055
20163
22079
11066
3850
30525
16385
5599
27737
20290
4367
13484
20854
20265
21536
22668
7358
27566
15698
29503
23752
22398
15046
12736
30818
20866
29432
20858
23119
3051
19679
7209
7363
30722
24008
13969
28826
685
22771
11746
15452
3520
23786
28646
12018
12809
15013
6640
16932
5658
4703
19077
26842
26068
25142
25031
25871
14008
25221
23717
404
25837
19457
14020
11146
13585
25494
32556
10141
18112
26623
2995
24320
9189
15656
30506
45
30915
28995
22089
28506
16578
30636
20315
17082
29690
13693
168
18041
385
15345
24999
17524
8821
19578
2784
3004
20936
672
4259
29641
29902
16288
23659
22398
136
13248
12559
17376
10158
8563
17838
22166
23934
13874
9048
2080
14663
5396
12669
24023
1716
28467
7446
16297
3801
17855
1685
28048
26111
12767
8845
20695
18991
20043
14625
9484
24193
7850
12334
13508
20258
4268
3128
9745
10790
29415
5141
4804
30995
32115
859
26723
26409
18500
30603
19433
115
19274
1018
32064
21902
17482
6275
30335
4156
7802
9966
17123
17576
14303
13087
18831
2935
8295
14846
2051
12435
11974
6954
30814
694
1809
29021
8020
4024
28443
1437
32237
22937
3219
18728
25347
20558
26842
541
22649
7244
22181
5866
10299
1493
5463
9337
13562
1285
19995
19226
8869
18075
18117
24110
2726
12681
26214
25241
14305
14650
26545
2021
9837
2213
21776
2102
17168
21014
10886
6898
9853
20407
14659
26156
18508
16609
10505
6869
26045
28709
13121
10145
6189
3608
29660
11963
22356
27874
27627
10792
25412
26757
4605
27387
21025
2030
3132
24382
15777
8894
28742
19099
19522
6101
9420
24014
4686
24739
16621
22731
1680
3373
1360
9134
1748
29921
19203
2662
10272
10267
1047
1825
20147
28275
10743
18295
18881
24013
13709
22614
28396
22046
32019
9392
29058
28158
5049
13030
29049
7155
1788
19698
32299
10359
5568
32599
2258
13519
15667
6858
705
25227
14178
9373
9064
26587
18328
25072
4613
7320
28795
27030
28459
19470
28644
26824
31220
22411
7297
1676
19717
30121
301
4579
28486
6746
21002
26293
13406
21432
5988
13693
10481
10122
10821
6580
1689
15766
24280
11007
27557
25257
30846
29976
21140
12391
17330
636
1360
26067
29085
26073
2090
15517
4472
28214
14489
18223
17318
29152
7090
9078
653
23576
6247
3696
7480
27006
6527
9338
16302
16187
21337
23127
9487
18674
10592
31488
20340
2404
28493
13870
24964
18917
544
2984
30166
21634
29916
8012
4106
9455
19717
16863
934
15411
2778
14998
27826
786
31058
7521
5650
26430
473
14842
27046
7996
32711
28592
17955
16664
20389
29172
22191
6088
5662
18848
18495
25441
31431
7947
30897
28667
21135
6349
31656
12133
30212
23379
4395
16777
16203
29985
27133
6046
27612
17386
21946
7696
24065
7762
14006
6447
31246
20093
22421
8345
7006
10591
32426
25960
23825
20163
23312
12060
12935
24088
10122
15175
2971
11262
7964
27643
160
17556
8038
28915
16924
18048
5315
22404
18503
25275
3109
11586
32321
3362
1710
8561
25879
10684
27407
20786
27252
17100
12449
10858
28455
5014
8261
4465
14680
29682
18172
13695
20106
28818
30277
16343
29008
7186
28218
18865
16079
25796
3433
17640
10231
31545
8819
17256
17024
5520
15207
18773
11686
7038
3804
5628
1701
1825
23248
3962
10484
1668
21828
15662
13889
10737
2707
31968
8751
11002
17814
24238
15826
6214
23930
21434
32486
29212
1372
7061
32467
945
31145
7274
28001
1329
10040
4586
29499
21135
10276
16123
16421
17165
12907
3616
16637
28043
21576
19623
14707
25999
6736
27796
15751
15640
31566
31056
18119
22306
9696
11025
24902
22265
3022
17673
11355
14398
18221
10830
11039
23482
13624
21900
8356
5350
25321
8044
29685
1078
10075
32707
22482
18985
2015
13691
12840
24338
16864
322
32594
7075
5751
24308
11538
15934
13261
27081
10574
30972
22580
22334
8330
21625
2820
13508
10281
29542
1847
21547
20579
716
13252
4813
23045
25377
17852
26490
3052
22028
26661
25383
25663
15608
1433
4181
8559
13402
3998
23875
24304
6083
24516
31955
16820
15013
3713
27197
28780
25061
23501
31605
21374
18980
1404
11869
22725
18125
10078
7339
14091
17887
279
17048
27974
17528
15808
1102
31126
37
6458
7694
1018
28907
32598
27428
30934
22548
167
12172
20261
28603
14625
20578
30334
1815
1146
9994
10440
6023
7229
23331
7100
7777
31662
28461
19999
18298
9569
27636
27837
13429
9881
22212
2852
27852
29793
24139
11302
17056
32364
27212
22028
14400
5038
31241
11930
12923
29878
32110
23239
934
12242
5373
7737
7020
8929
25725
30338
26456
16118
25698
11805
12324
27058
24059
8999
32703
6238
32350
15837
23584
203
11283
21209
25293
31721
2947
27916
4394
30250
24094
15226
17794
2452
10319
7864
17623
7592
18977
4647
20842
10487
30382
27886
7688
28797
13899
14009
10779
24772
24437
3123
21100
23737
12922
20292
8889
7757
999
7946
13307
1227
8629
21401
9075
27900
24370
31091
28282
28412
29617
2246
16134
7642
6129
21608
29947
9459
3662
27795
30776
24331
426
29024
8028
17200
26393
4356
14172
17231
20046
11726
30662
30867
19657
26588
28626
14721
28606
1696
14381
30165
24772
32278
30085
29722
10562
3011
30677
19723
16538
10092
622
16556
20754
17308
2249
16680
24455
6611
27662
20329
16848
32398
1379
1401
4083
30971
2294
27292
31754
6777
3529
27945
15603
20945
17984
7724
30651
13878
13676
2749
21448
1534
27925
20255
9672
21790
8329
16280
23901
10088
6183
17171
8581
29315
20906
15222
18379
17326
22839
6084
4655
1332
10021
27634
24534
8110
3726
10891
15474
29435
2201
23555
31343
25344
26757
28634
17379
29728
17526
888
20018
13178
7936
15043
7300
26341
7540
1665
31976
16557
22253
29809
11333
4874
2073
25896
19717
16228
14279
17324
7295
23881
6197
6866
4904
21802
12567
9304
23418
27353
7783
11713
19360
29635
28656
28404
19942
13549
30104
11923
25571
9391
1136
20508
12387
3123
125
10178
13335
17581
14148
12297
10492
3159
22295
32036
10379
12084
3874
2574
2213
32640
9268
15210
6973
23033
1614
13340
15555
12753
13038
22435
23892
24686
28696
5693
28834
13543
11305
24249
28837
32575
3675
21018
24319
4959
1047
5360
28976
32725
22270
23158
21374
29775
6070
1388
11937
5077
26997
31411
23602
11978
31310
426
30162
8352
13374
20043
11034
19806
29429
4356
2630
31443
19046
10326
10144
408
10765
20527
20398
4551
26883
27400
12315
1916
1731
16574
9062
2832
11450
20273
2892
30992
15504
2207
26102
19967
30521
7102
2531
4560
2234
8603
13459
32546
1212
19765
22521
25145
8146
30936
21150
27584
12682
11579
32405
29505
19253
32345
17186
25952
28534
23055
5417
23003
13965
9338
4696
3393
27489
15886
8980
14965
27983
20343
20260
4066
25269
30512
12576
15483
2108
13540
13463
20602
10473
11911
2819
28116
2787
11060
878
1150
23810
24517
12512
5730
28956
26932
2959
16160
20238
4277
30918
31621
27788
13711
26001
27852
5545
30910
24621
5015
21029
1610
23603
16043
21370
6245
3454
10606
14245
4167
1505
1570
11445
16586
394
28639
16661
18117
3636
82
27800
2856
30992
1336
7753
19164
12145
4504
23280
16472
32314
26307
14436
19203
23560
28940
16788
12364
10782
21576
3923
21131
6164
17412
8679
31126
5695
9097
18256
2339
735
10640
6744
16609
32267
965
26207
25173
4189
13822
31715
22645
4189
12600
16850
15622
29358
24150
3983
22453
28923
6296
7110
29431
13215
21468
3056
8866
27159
27288
28837
22600
32296
20371
15013
24920
19919
8038
29860
10994
6125
19894
19929
26509
1967
27182
16709
29259
2751
14655
26052
3095
24108
7319
13013
20100
32281
1890
17960
28773
25641
31299
30188
14380
16550
17169
15319
14339
6772
31826
17650
12204
440
2168
12842
12313
16711
1245
21911
23755
15057
28800
30857
26347
22986
637
30295
7721
18716
27726
14312
13144
22414
964
23550
2246
14066
4291
6214
11357
529
15040
7968
22395
13655
20988
5678
4241
1598
28797
27038
19069
17788
11985
2104
7592
14316
26754
21543
30431
4669
19544
21639
22514
861
13393
29618
1551
31139
353
22090
16860
3775
30442
5894
25942
18018
20985
29501
876
2988
6214
13364
25946
6490
23274
24872
454
14508
26846
1562
18845
791
11575
7005
26284
4783
13604
23008
18430
19794
6563
2108
6136
13974
18694
3196
30773
29808
27689
20144
7970
29353
25456
14384
13145
20737
6019
23473
190
2080
6601
4617
25436
28992
20645
6082
1021
7324
11123
30560
17035
8855
6721
19570
27177
23469
17741
11099
2833
11034
16451
14814
5676
18508
13619
17515
5747
13065
17236
23595
9224
15968
3451
18893
27923
24145
13401
24846
28765
9276
14455
267
17839
5642
32755
19782
4072
19485
31736
27514
29921
504
10750
21023
14081
1454
27847
29627
19615
12812
30996
21231
4378
24454
21035
19261
27578
30690
4618
6810
2117
6310
31080
30647
32097
28738
880
16655
31917
16894
31037
4273
26781
15522
16660
16587
27673
4071
25955
11514
28629
27808
3965
15443
2415
23464
29203
49
16458
6026
24434
29629
17453
21747
1918
10302
29082
9688
6514
27174
16367
25447
17749
10968
30015
19119
22843
15162
15341
14350
30273
8959
30222
11614
6470
8369
27260
3806
29546
7809
10170
17122
20039
10190
14475
8251
30706
11127
1617
22372
29360
5857
1318
17009
25720
5575
1468
18360
557
709
18677
15164
29335
21666
12609
27357
25894
5216
11707
16706
22631
10245
15107
11138
19522
32295
5593
11669
23546
26170
31614
20861
31713
8602
5067
23860
22238
31063
24846
31572
1952
25794
20904
17033
10655
3259
20327
18359
32215
14264
26788
9962
8004
27286
28444
12033
796
18976
10383
7194
16591
2400
27930
3260
23999
28840
20309
7623
6335
18782
10796
22812
29005
14987
12414
25356
26255
25123
23159
4738
10768
14098
19630
24559
16951
11
5374
22264
22667
27407
22820
30434
12200
4543
21277
11705
32000
30307
14141
23107
8787
17846
24591
168
748
26999
23536
7646
28833
14256
14442
17878
27784
19140
10065
30824
14201
20028
22944
22783
28232
19534
11281
13572
11711
18481
382
1292
31326
12579
26362
21696
26578
31286
23982
15760
15413
25310
26229
24599
2827
15420
11063
2124
1016
14120
25094
26734
28995
1793
17914
5806
8715
25908
16845
14745
15435
16781
10293
3916
12943
11072
5637
15190
22899
16054
23042
1899
22752
9241
32390
718
29958
27294
20695
11388
27417
19605
580
5145
24011
10290
16133
7580
3468
14617
22224
21433
22660
24235
21307
29969
15948
31507
6101
10268
25456
14095
26626
466
20645
13950
28314
19228
27083
2478
9025
12542
22689
26467
10628
19329
26442
31655
1464
10081
1667
22357
17299
15995
31649
19555
27271
2805
29261
17138
23522
8491
28160
21271
30375
31837
22332
12135
7466
27161
8336
11333
30829
16489
16201
28651
5437
19133
29688
5945
14092
6551
7848
23360
31885
8441
6876
910
12818
20878
24395
12599
28069
6298
23898
20136
20712
29347
23645
12331
3245
31965
19598
12601
596
12630
19913
23171
7912
14822
26125
23743
19448
1492
9139
27699
4663
3656
10092
18690
18899
30069
20988
58
29845
27779
4536
12697
7613
3133
3008
26146
23451
3199
7421
17252
20205
1629
28377
10117
15356
11540
7105
31249
6517
10673
8028
15749
12552
1411
3720
11673
11714
20290
21273
30289
13355
26364
26448
20418
24607
7363
19741
2725
17517
3608
15637
22941
18481
28181
18737
25416
32241
9310
28492
26887
20602
28358
22362
3726
8569
29120
14697
3626
13784
25484
10074
26069
3038
15901
13916
18684
30469
9164
17452
25354
7578
25279
21517
14012
13335
17175
16265
9764
4672
3037
14054
28538
32256
27306
19815
10918
18433
10776
3400
5006
5645
25324
20343
11551
30503
5120
21266
2333
7528
19697
20644
16555
22939
22414
1311
27034
13464
3067
28825
5233
16993
15272
17607
8000
2814
24310
16186
26917
9496
29091
27483
12955
24151
10745
2087
13958
3453
30395
3499
18431
27199
28618
3647
223
1767
9626
28546
19725
18347
31577
14105
24200
29642
30681
26406
22067
15468
14657
9866
11620
21815
30584
12507
11307
31409
16717
18980
30818
600
24678
12895
2425
20611
4079
21683
3326
20471
29182
11886
2031
18248
28616
10689
16576
10230
28806
26685
15914
13123
4901
14609
26297
4309
22192
14080
3348
13072
23934
18981
29963
9521
14107
2407
7523
7979
23799
14266
23137
31554
19920
22810
3351
26984
29665
6984
880
31834
16840
3651
19709
27770
12856
26757
4222
11371
5731
21251
11824
11119
24356
30945
15066
24960
19696
22265
8085
303
12923
1802
27230
27456
13865
704
7005
16387
15931
6760
31474
10864
29622
7023
17541
16650
2066
25247
12810
6256
10664
22042
13399
25539
21209
786
25637
16059
24573
23374
30696
32136
6162
20060
19023
7786
5153
14998
15769
14607
12655
29143
1950
1968
31337
19963
12952
26090
12877
4376
24246
24925
28568
3453
4191
14342
28979
20847
5958
24669
6748
21150
23090
30510
16725
21865
5003
12087
15567
3030
19108
7815
23573
10319
5578
1425
13817
24605
28944
27667
31359
6566
13784
12201
13131
16998
32546
24624
7882
2223
1684
1499
4643
29984
17997
11543
3548
8167
27498
21536
29004
32182
25940
5728
30917
134
7632
12683
29309
2062
9668
16508
22081
24066
25290
18380
11224
14860
2422
28727
27704
2443
28775
2736
18795
30478
2064
14910
2367
28047
836
24477
24240
4976
31875
8852
28182
31030
9223
13591
26639
30727
17036
11293
26410
31716
7395
2623
31832
13735
1077
22550
5651
28860
7960
26193
11851
2207
14163
5528
27413
14873
6257
16420
7699
19514
19208
8475
20129
19733
14534
21932
15044
24126
1345
21487
31443
19716
10107
29562
13283
29295
4150
25539
1268
5880
26877
11320
6877
22027
14319
4640
5879
15677
29770
47
13452
9037
22459
19436
22782
29404
30824
29891
31415
25836
30649
14569
2772
26394
20970
7156
19856
10651
6738
15158
19826
4344
12400
3037
21814
1929
14778
24267
7293
27315
27686
17974
4916
4065
30069
14591
30660
7491
2882
4051
9214
12873
28622
14340
15556
7134
30600
14373
12408
4197
23391
25191
12326
12148
25544
20662
3953
16723
14478
1683
14142
29235
24925
21680
5922
1326
17164
23117
16780
15106
9646
16469
7858
26765
3927
2615
25149
30984
32686
6278
12211
22531
22583
14671
6568
32548
32093
25150
26532
9119
31810
28783
20179
16245
16711
2581
2415
29292
11098
32205
30958
30417
2050
15296
16107
9712
17452
17531
30933
18512
23987
10638
2649
11695
25009
31718
8848
18624
904
17386
26600
19111
6318
24408
30420
31280
1340
24798
7987
17107
25910
19832
3201
14184
32408
21388
17600
1194
18469
22471
10788
3950
4335
29621
27521
15007
5285
16931
3957
4352
2207
5429
1621
20129
28075
29254
28376
1566
12949
28546
31110
23963
29560
20293
5854
8063
25031
30002
23626
6899
8474
4371
19395
4121
9402
7028
27204
9229
23019
32766
20720
6300
11004
4500
9474
17351
9999
9263
8824
758
23209
26746
9599
9724
9464
25901
24221
3534
5608
10794
7585
31491
8420
6488
24394
18443
12396
24899
2490
2863
26203
1392
921
23628
5366
4225
4616
14927
15540
19470
10572
19567
6864
6717
7223
31533
5263
19751
22101
7437
2897
6122
3292
13074
25946
30094
4689
28922
22366
8601
14586
3390
15054
32368
28679
5320
31973
1396
1919
15986
29297
7384
18156
31299
7266
28484
17093
14440
10516
8491
7328
9204
15964
32749
6676
19799
22612
1708
15983
160
18662
21742
21277
17266
9243
29431
2771
14024
9505
32740
11134
22632
22558
9607
27375
24616
5303
28166
27203
13540
5471
22322
31763
13626
14176
16296
8545
20492
12202
2474
26941
10419
16478
4027
7994
17155
15130
18172
29845
29443
23554
11081
4126
3177
18835
20755
12526
3544
17703
14587
20423
17368
22600
16692
27465
8089
2741
20629
27354
15719
27956
6017
17491
22253
1309
631
20587
7465
25763
14968
31204
13875
31713
20252
13175
23213
28329
26227
24704
20233
31499
3740
7273
13438
15527
3367
3288
28104
22707
18476
10904
5026
24267
9512
11592
13572
27260
31131
1478
24348
20878
26978
4953
10510
27413
20180
32673
16236
15158
2207
27966
11124
4026
18785
25923
21004
22868
17670
12121
26238
19890
22500
179
19699
7750
919
11701
10417
20433
23966
19044
4628
32436
19378
25996
12366
7158
10730
19123
13022
28436
13968
30400
26321
26764
24513
11115
25532
4392
20166
19812
3189
8715
19765
31043
24468
4477
24519
31538
21420
8310
13048
5468
15177
13548
13665
16660
27817
3292
31701
22214
10555
5658
19261
18590
217
30425
25652
23546
11460
4858
27745
3472
7779
6677
4504
3167
15803
27208
17072
30551
5037
21442
6690
18887
23539
2318
22118
8842
15065
18464
31758
20977
4795
2080
32159
23151
13634
14330
1330
20487
27741
22946
15311
17014
5889
1576
10884
7712
21921
9855
4425
12219
620
27917
20372
14013
29002
23538
15034
12934
13204
25624
32268
22093
23445
26879
24749
20428
31685
13637
3381
19627
23999
11256
14087
27310
11527
17052
14706
32413
4478
4091
3210
24055
30113
31663
11204
5973
29829
23152
19028
17823
11155
798
28999
27122
27651
10381
25439
30797
2074
1044
25266
766
14370
7380
13313
12495
21294
14281
31705
27119
22410
15506
20844
26530
32516
6912
9005
4776
23262
32096
18733
23663
13198
21385
24888
32504
10300
676
20654
20361
18936
17854
2083
4119
11967
2831
25782
27506
14380
23048
19250
2094
2558
3614
22758
24149
27725
29273
17988
15310
5515
2459
22332
9100
6205
4017
30038
29558
28791
32539
20370
32025
27929
10139
7167
32016
28876
8576
22301
7471
18106
10671
7412
28018
1807
12918
30705
32680
18228
13585
16771
4575
4550
4088
28794
29582
25176
32238
28954
4485
8430
29130
25346
21653
22836
25348
22719
16127
10625
22271
29999
29853
9616
13080
663
6610
10488
9075
24452
13619
21873
8832
23906
32754
14533
27983
27869
20750
22167
28825
13307
3901
4567
31370
27126
21908
12801
15695
5339
14076
24
28260
1251
19541
14182
3739
10644
31079
17904
9963
7319
5261
6331
1534
32344
23840
28610
19064
96
27812
30130
17929
14706
3765
5995
1329
8039
11183
22327
2006
17097
12832
6088
30343
10290
10991
6900
24718
23395
25673
12335
20152
6179
24399
20172
14051
9438
27776
6131
7244
15097
8936
31841
26773
6390
7686
483
18841
6732
11902
25744
8176
28932
27011
4041
19009
23827
17154
10993
22858
32122
7823
13805
30896
5920
784
29018
6280
28010
23852
3729
9121
2208
31857
25436
20119
1535
14152
7541
19353
19870
24985
12738
28405
18945
573
851
4200
32126
29479
32279
13608
4436
22610
8545
20141
14981
6506
13855
6723
4215
19002
11476
27985
12622
11736
24410
31335
20486
16530
12890
23305
2132
29847
21127
27197
5178
3429
2461
15318
16236
17910
26397
15487
13414
11690
14533
18055
32586
26611
3793
14190
25211
15042
18420
21043
22778
6069
24853
31323
25219
3069
1226
5057
30054
17169
5781
4897
12839
2068
13793
2914
13525
29191
29882
17319
8234
9902
15952
8724
15976
24643
10538
30560
21486
8670
12585
30495
32668
18079
5444
26829
17644
22433
21757
23962
7117
21662
2470
30456
8767
23394
5973
2533
19376
23025
29096
11000
10776
14199
28729
28462
11478
8180
28384
28018
29000
24228
13739
19694
301
29487
25758
27668
6844
19861
24363
27754
24192
23767
29552
12057
32506
23654
14643
3637
19957
3149
25757
24267
17319
16413
2234
1963
23436
28828
1452
14586
25346
15404
7858
4214
5541
509
29661
13960
9064
1010
23436
16395
31864
15188
22444
24799
32465
19513
8881
15148
24988
17330
4179
22390
31311
3256
15881
4453
14211
18388
20294
1362
28052
29072
12662
19089
20731
928
9143
1665
14955
31952
32344
9300
4268
31661
30226
15775
29755
22515
22280
32673
2207
26298
29568
6483
30601
21855
16991
32307
2483
18227
26982
2513
29045
8678
12079
20502
8999
13489
4325
9815
22330
9799
30662
12574
4629
21881
19034
690
19889
6315
21873
5740
8435
2043
18654
13497
204
15915
17396
3054
30483
15442
11716
2511
27421
23623
21781
16861
22562
32200
5152
27747
3407
23150
29712
19007
21418
11345
3132
31089
5546
4987
6434
1637
25746
26125
1827
17920
30609
22323
27905
17516
155
8393
12824
21668
29445
7114
23647
3262
6115
29565
16926
15100
3106
24414
7021
8081
1124
4045
12144
30515
29342
14712
6484
8804
26995
27530
24840
30080
22863
7312
25532
32135
836
6704
18458
17832
15780
18312
31303
27026
26211
22119
27544
122
7977
26414
4628
11498
12090
15236
25518
23888
9990
26557
18751
2370
8591
12040
17733
30610
16255
30298
19038
22806
14341
31262
32130
17460
7027
12953
24579
23855
9113
4895
7494
14133
11743
4088
30783
14884
15140
5903
5294
6432
4442
26464
6171
9686
23262
29471
24210
3213
24472
14505
16159
17649
13271
15916
7176
17311
30953
7189
15053
14447
2941
16956
8160
25989
15289
25554
27172
23318
27419
13830
27176
9211
11281
28026
28960
12024
16214
9833
5031
201
2834
9108
23607
31472
26545
4081
10596
17217
24191
12051
13275
6185
13832
10328
30750
7619
26674
22740
32765
28569
24086
22528
18387
826
3491
6946
15238
10112
21745
25468
1852
11422
12134
25396
14301
236
8331
17670
26445
20082
28844
684
28775
25910
5937
13832
26296
32325
28351
20759
19968
9091
3854
26774
19817
18484
26761
32114
23173
24134
32167
28913
6153
29796
22028
4001
25675
10427
1886
24323
21373
31882
28648
6647
4519
21612
32497
2023
26726
12645
9946
6835
25702
28334
21754
32608
22176
4160
2874
3456
11604
28195
30575
16735
24774
18548
9338
11506
28600
4151
8482
2944
10154
28898
14508
25614
13524
26277
6464
26251
13792
28026
1019
28608
20327
5361
25299
24566
31538
1209
24622
12388
3885
15853
23618
29535
14378
9508
23595
11072
25692
8503
20173
9236
22926
23248
17263
15367
29478
26807
28180
18061
17373
29916
5529
30294
5948
9764
18320
31215
3797
23284
28126
14136
22343
126
8727
20873
12527
4814
23188
26275
18542
4499
19802
11864
6879
30126
9386
26874
25045
29564
24935
18565
17175
5604
1836
16524
16411
32287
28201
26852
8515
21578
22210
24338
22745
13485
6886
21109
6604
9673
6447
10034
7720
25380
13758
23524
22871
2259
3284
7681
4633
27596
13105
14602
8260
10985
8237
19578
19005
17595
7575
29804
32306
15892
22865
20746
25373
9555
29864
6330
32120
32365
11636
8455
25536
31988
2639
16044
26520
18534
31282
4394
637
32617
4277
1054
6722
17427
1082
12762
28111
30930
4128
11611
29097
20483
8762
16713
26950
14676
29425
8877
18707
18650
29751
4976
11585
29681
17202
12439
29011
16343
2213
26688
13417
15879
29726
21339
22089
29271
15842
28457
14642
32465
23448
29303
21601
12625
21432
14998
25440
20195
23473
3105
15889
14553
11485
9070
9598
18351
15397
20688
4446
30624
16500
7315
19046
17156
13277
11957
23894
18032
15243
30308
12990
2700
8812
19772
22420
4018
21148
4669
17015
30540
31123
30862
8641
26346
17167
1523
32335
294
22208
32015
16144
4152
1205
12123
22862
15960
19593
29410
14783
30679
11084
14274
12875
21243
23603
31075
30875
6559
30720
1908
358
20615
7983
25258
17530
22660
6886
10552
13708
1357
8346
20236
32193
17943
9345
7632
16888
15353
26299
14491
478
23043
10047
8059
23471
27416
11398
28324
16588
6543
2298
21876
26370
21645
19229
302
660
12064
1145
30579
5390
5404
21324
7295
23753
29110
23279
24873
12605
9186
22282
21657
22537
23660
13689
5574
7876
16856
25341
24759
17793
30203
13987
13173
1572
22870
10228
18130
17512
10293
15330
22237
12971
19852
21613
30496
30592
1932
20248
28320
8179
14856
7695
22418
27290
2699
18453
32477
14176
8757
31535
16212
10257
12634
7698
21679
15781
4312
3149
25166
32332
7484
26935
10670
28733
10132
13718
11431
30015
6162
5140
14187
21236
7781
26722
3647
29672
3031
15657
15094
11613
13095
7349
13874
5588
27172
18528
26714
14427
2318
31424
15962
12442
940
8336
19998
31643
30764
13407
18124
2397
20415
10491
10436
23319
19697
3739
344
14924
9161
24270
9803
21651
30628
6951
11531
18467
23250
10917
6574
27936
11245
8677
430
26537
27901
25094
7781
20126
28750
14944
2887
29490
30476
30948
11233
5428
7587
5457
30101
4124
12760
25372
6418
19672
20135
30236
18326
1108
23003
9721
4067
7884
16240
23635
3842
15313
1704
6577
28859
12060
7407
23856
31695
32278
29296
23272
9723
10787
17523
11549
27566
21426
12669
27690
26501
517
29478
22829
25994
7105
22968
1907
28209
23605
25996
12450
1294
20842
6693
8105
5975
12015
26377
24168
22046
353
16995
4638
30795
3772
20826
12950
8283
28517
14895
2065
25050
11251
31769
7154
8865
27585
26848
2092
21456
52
7227
20844
16010
22733
3306
14341
24691
11246
5011
11167
5098
24684
862
19872
7
984
12367
11862
3155
22925
32614
12521
21578
20089
23672
16899
22161
23980
12748
19772
23543
12706
15733
7495
21038
3664
24690
4830
5702
20465
17286
24175
27373
2701
28120
10371
5736
5710
10571
21747
25680
5250
20635
19657
1805
14703
25404
31479
5396
26330
31475
26554
7648
25430
32561
7884
4785
14925
12850
19532
32519
4304
29658
15470
19677
31518
22090
10722
4262
7926
24645
1797
6409
11933
6470
11722
15963
2221
15197
8807
11744
2212
9933
21695
11458
21544
29543
3218
3789
12571
15268
27751
23792
12387
32133
14133
26484
14710
11563
17619
16377
17064
21814
20774
22325
16948
24797
4612
14956
9228
27602
16362
11439
20577
13267
32099
6100
3824
2064
18738
4409
21267
21056
26438
28215
15491
5505
27739
9320
22766
32500
22640
29081
29244
25621
27628
1934
30113
19163
9102
14200
16227
22419
1817
22839
22376
15484
14013
27216
27271
1827
25412
8364
3211
26493
7425
27926
3846
19654
9593
10610
30940
29724
12238
28350
27275
17626
15343
20170
31547
5813
30850
28087
23177
15769
22412
14129
17171
30529
16870
11116
2499
5785
5472
32735
21981
2259
22962
4035
19910
4171
22567
22602
17562
20763
520
31904
13420
2942
20937
3491
4442
8166
4853
4449
16728
14555
15579
1621
17594
13977
19446
24161
23422
14441
17949
11659
13151
24507
21871
2168
27291
10504
9724
20136
29567
30314
29236
23671
9399
10232
27152
24783
599
24035
24834
21166
2984
16466
28317
16987
6579
26877
28164
615
6799
19083
2068
25702
13675
12716
13393
1387
9051
15350
23697
26181
18659
24705
3946
19322
23620
26177
27997
8455
9352
25638
15551
24021
7503
9973
20587
8955
2904
6372
11561
4791
19919
1784
6621
6953
30808
24607
1648
12501
479
18957
30078
13526
5150
10199
21700
739
18411
28240
28743
25347
23111
25127
27717
23312
9767
7101
29149
7149
28416
27847
31357
1671
18452
936
26127
1165
9343
26763
18403
12526
23552
12355
5723
3094
12424
228
10584
14313
8324
17438
13159
30588
4587
9052
8620
28310
8711
10657
3722
23785
9731
10013
13080
20752
10296
12946
835
3912
28214
25705
24771
10222
21397
10131
4287
31164
1402
15393
24639
7107
27368
18338
9045
27432
17868
3904
31499
14494
22726
14233
3595
20903
7609
9822
8209
24970
22801
25006
13329
26131
5591
2352
9511
13325
22134
17650
25155
18304
1611
17925
14480
23467
30702
13524
22697
1728
31810
10568
635
21858
24127
2206
1016
8671
20346
25859
30337
9005
4473
15093
26384
28582
26553
10328
21801
28547
7803
31066
13438
31514
12883
9992
23909
8407
25710
9133
6138
20220
18342
4335
11795
23832
4679
15271
12264
12616
16543
31107
22399
32049
21575
17502
14041
20153
15412
12122
7391
28808
12669
4547
23817
22081
5354
931
26068
4224
6464
2085
20961
1172
17999
426
24557
25593
8376
19373
32116
8092
638
5719
20517
21197
28756
24545
27140
25091
30624
10158
5217
18772
24914
14116
23932
22191
17768
7246
21749
19423
19261
12851
8950
9279
8853
21235
26143
31294
360
4007
1076
18578
12913
2550
22920
827
118
19319
29481
17470
2646
14026
16329
2078
19412
28277
25455
13851
26406
19840
6625
28714
31547
19919
21456
26295
4816
30786
31425
11293
30769
14990
1984
17377
31184
16089
22723
27058
27527
8472
28895
19489
28845
7721
3885
14112
23258
6319
18553
27196
10618
4017
4016
5786
30228
25329
22792
16563
22872
270
17389
463
5354
23385
30639
25922
3569
15223
7916
23913
25694
22203
11711
3172
13052
15168
24229
23697
17468
29385
4659
9419
18366
30554
32122
21607
21663
21907
21302
25323
17541
6351
21433
32652
13164
23808
28570
15470
12333
8776
26908
12698
27091
15960
8288
21438
26014
1929
30283
31400
2515
5564
29237
21377
2377
13554
5718
15049
31668
26026
3825
14870
11952
1790
10302
9612
31629
1660
14104
5403
11741
12741
24683
13692
18110
1512
27483
11497
10472
6268
2613
3999
31093
30335
17942
8212
16756
5362
31069
22264
7212
12080
1234
28398
32304
12050
11155
28679
24871
31429
16834
30466
24664
17510
6640
13382
4600
14178
23880
24219
10547
8080
14972
5548
11516
26123
5999
28733
20373
32721
12711
12844
13021
10781
22897
26153
9565
4228
13265
22325
9233
14545
12080
9692
11510
20641
5828
30001
11863
14527
28863
27534
7896
27197
4919
776
2623
4439
7128
26036
7942
31239
13900
20893
2209
10856
23909
16512
8847
18123
784
20302
20515
7067
19194
8543
1295
26865
17407
15222
19125
19446
19543
4728
20014
25084
3199
18924
17174
347
13545
24114
10014
9229
27235
13955
12879
24585
3399
23212
30
2400
18280
18569
15669
23064
3255
9540
26108
15307
31417
17995
25065
3839
17065
19986
1933
3140
2668
22670
21849
6928
28729
29549
27445
14939
7428
24085
4287
22265
4527
19811
21603
11194
6896
12064
3871
1858
6144
10563
22803
5033
9
20713
15051
31699
21069
21781
10061
2702
23830
6439
2785
8046
1889
31518
31395
5479
2377
16781
20681
30511
16181
27998
16821
7505
961
27466
13754
4625
15469
24852
29614
22275
1288
4744
26676
26730
9690
6711
5574
6737
16532
29167
31109
11115
24568
1788
28864
10668
22088
22050
27462
1187
5744
19285
30316
27038
29682
24894
27869
17788
30101
15471
22308
2128
9933
15968
18682
1723
5097
19505
18257
5382
23807
17694
797
14338
2967
25793
29925
1951
5914
3339
9484
8014
17401
13313
11488
14360
18845
28982
15456
18555
27409
26379
12493
17928
28273
937
2039
25790
7954
21947
15428
28708
18030
28908
21889
6696
18390
7716
14953
23482
19158
21378
3829
17192
8295
12312
11113
19512
20183
30568
30747
7687
28793
18594
14850
19108
20748
3483
7170
27756
30188
23949
249
15651
31995
20369
27273
727
32333
30941
163
28277
23702
4797
1496
18472
12371
1106
17504
1397
14779
19470
16358
9495
1380
1259
14361
27804
12214
878
18419
25532
29456
18015
11719
10620
27836
14149
2061
32519
17555
30371
4846
9287
9071
12277
12942
25158
9301
12649
22043
24392
11359
17246
32666
6308
21867
31646
31852
7782
22406
2138
6819
27814
7446
12009
26375
32423
28105
31296
16358
30639
23617
21808
18591
32168
25212
3171
2541
8571
22789
29716
19188
28968
13532
11665
28429
4005
14374
18546
25682
28285
405
15255
28392
1315
9877
29155
23823
8730
17468
26298
28651
12743
13039
3643
1296
5905
18643
1341
19663
29118
22266
17675
6466
28301
19786
22239
4633
32019
12589
17185
22819
1878
21242
14428
27548
1835
28198
9732
19513
5456
8235
18154
16884
20040
25140
22395
14231
10490
29069
29628
2058
6920
21197
22790
17246
9968
23489
1921
14485
12261
28695
32609
20535
12139
23759
5603
918
10421
32353
7686
31964
30142
7598
24842
11225
18985
12201
8873
23438
2009
25538
11544
5240
16720
11542
8380
22430
1481
12888
941
32346
21268
20605
19691
19175
18740
7210
26466
30126
31673
3550
26784
17232
31966
17631
30544
28530
32355
3302
7550
30796
9257
4745
649
5873
25743
29292
18663
28764
4750
3879
2972
19262
28055
23030
14200
22153
21288
31267
15379
19644
28208
32564
20617
32749
40
2516
18422
6808
8173
6018
12720
8490
2655
23803
16711
75
24764
23400
14909
13295
28858
7240
23430
21275
25190
16411
1726
3191
26559
19412
7980
24473
18961
24828
23675
7947
28947
19622
3378
1826
16320
6422
1272
30078
25333
3632
12938
3424
28111
19618
6520
21679
24514
28625
11171
5576
28794
25220
15990
4616
15730
21075
6119
20763
13653
28110
20268
6403
23831
22892
32062
23272
19155
1850
30990
8354
29283
23871
7050
18182
8129
22193
18254
4340
15137
3035
12330
24349
13002
19657
7768
6293
9912
15033
10618
4124
12787
3137
10069
29228
28077
26687
19024
1986
2590
901
11179
23020
6432
27970
15743
535
26249
13871
24697
13078
31308
24189
6485
18162
8271
13953
8732
23924
4618
7709
21278
22387
7652
20206
8111
15070
26700
7479
8865
19336
8858
23440
30341
25782
21412
19790
21920
24426
3616
21425
15791
4462
12477
16848
4955
12575
3072
837
378
10751
2527
408
4108
11768
13086
29804
12016
3953
11885
2156
12393
12307
5438
2291
28501
4184
14952
30846
7463
19416
15997
17362
29609
3666
3564
31724
18035
19837
9429
17069
12330
21389
13487
22082
22394
26244
1948
26453
2001
6205
15751
9717
6624
2873
16131
12614
26579
14376
483
21992
18763
55
31641
18216
21279
6172
23887
16105
22231
6115
30151
12368
24036
15222
21747
31026
7329
8173
3412
15935
6410
2459
12051
24043
318
32468
22752
9760
28086
17280
31374
14501
2883
353
9579
19020
26825
10532
1633
10462
25790
22569
26062
13255
30304
20242
18723
13186
20153
17677
4670
15298
3411
9186
14472
1126
1211
30907
30670
25882
19128
9654
4320
24524
4169
8237
30700
26069
32095
18368
3223
17380
3167
8743
14305
24746
8534
1977
2998
14920
22778
3259
16467
20088
19300
13161
11102
22909
16015
12998
3268
6091
1168
24100
19794
30326
403
31091
2835
24157
5529
1609
3948
1555
26099
21941
2808
30352
17021
27332
13092
11932
8859
31183
7562
4343
30197
4235
29966
2377
17650
13006
25787
5069
23798
30754
21595
5051
1114
30219
21208
9338
29231
792
19029
20866
1459
7852
23052
24851
31119
2441
29158
7575
3798
23329
3036
18904
27582
8093
7952
11233
10780
19114
10410
23221
20897
2822
26227
15027
14807
19149
7988
21700
4057
26756
5324
29770
31701
29922
31764
14280
8771
354
5747
81
31970
19338
18752
27570
18295
20728
20186
17759
31813
6193
23945
6686
7243
14889
24595
23157
16192
30866
7198
14292
10063
27877
25161
10371
21650
7217
9224
15946
21584
31654
2883
15330
18423
12769
28590
5406
24536
8437
17895
17881
17828
1341
25681
11166
12970
13540
14770
19994
11726
19505
20879
16962
11592
21139
16963
5188
6178
9328
24801
25647
25456
11694
22223
8545
18252
16638
29983
4276
18328
6123
25004
2408
3187
18342
31225
5326
18040
13966
1993
23738
6841
24194
9086
5286
21118
26599
24626
18854
19133
27000
7575
17680
24409
22736
7055
28135
19995
30649
11146
21772
19825
18994
7075
22563
21225
24898
14202
1862
17771
1663
31439
14700
5945
5213
20963
31640
936
1847
911
18113
27803
4895
8481
10372
5060
19046
6138
19084
11162
8426
16616
1213
31769
22562
2372
26147
5949
8170
4555
24733
22844
30735
24381
841
12422
7834
30903
28591
27005
5853
4049
30124
31220
5439
3703
549
2154
23495
9864
19559
11011
21353
16176
28256
6730
28180
23558
21376
21416
7543
23013
10861
26531
27287
7562
17769
28632
31250
4082
5507
26807
2352
1137
11393
27392
12207
25746
29064
257
29259
15794
29841
5004
29199
3163
3212
10938
17502
24929
11345
32355
16320
15551
6731
4697
18798
14895
30435
23143
28572
27531
15790
8716
23688
31974
11605
13303
28231
32361
16968
32066
32586
28655
12322
10351
11187
27232
1499
27683
8026
718
26800
2468
14493
17233
4562
14100
3051
21923
31440
29035
5136
15226
25798
29237
6974
12457
9795
17681
10463
4853
27643
14565
29
27576
22577
10466
31533
30520
11491
22843
20319
17860
27826
25508
1511
21140
7832
28557
13672
11358
8264
12827
18502
3000
13156
29163
23464
29489
12641
2693
847
13613
4666
11170
32282
31620
12760
20510
10069
11482
60
10427
12485
19388
2162
30363
29044
11135
31286
4476
21821
5849
8803
5553
14614
17468
32287
30180
16416
13302
21704
27789
28016
21514
1181
2353
3739
1484
28204
21851
17155
24894
10879
19803
11236
21037
30726
10434
4382
27403
2627
11929
1728
2443
10296
4451
24408
10495
17808
3801
30461
32369
656
20320
8985
14979
16059
16714
21239
3335
10824
27601
11536
18013
581
30164
13589
12944
25479
23631
18108
2607
24664
5275
29003
5357
17632
5739
32741
23032
13903
2434
14999
31257
6352
4917
11298
3984
26669
32677
30854
12205
28482
17080
4179
27182
2595
3292
19631
25180
24333
28539
16422
24036
14861
19772
18484
25974
30578
4607
11156
21279
10484
28311
20807
27239
24993
5190
23651
22058
21643
11257
14497
10295
12851
1352
25508
13994
28852
14636
32522
29449
27311
15485
30516
5921
250
7731
19157
17311
11015
27993
16189
27757
8726
720
3427
11986
4890
10953
21428
27976
876
27136
22686
19740
21554
23225
27099
29128
4238
23932
25726
4624
29318
6543
12734
17119
19126
2360
17542
5087
14007
3503
25528
23002
21070
18149
19781
17107
20309
10999
32238
4067
8298
6513
10711
4309
8793
26179
12752
15745
28745
6275
8547
2281
20138
22760
413
18965
22746
19458
3229
22190
23962
21562
3550
11100
5683
30606
31556
15841
9320
25865
4840
21746
794
22019
2467
473
21950
18205
5724
6092
17023
17659
26130
15626
17202
18624
17576
29115
6398
24651
1651
10373
20167
7731
32389
19694
30303
3459
3512
21364
3179
9525
5753
12142
12055
30576
24922
19105
4985
6273
15957
23201
26054
31131
28385
12270
55
13135
9399
23242
9401
31689
8545
16859
9559
17616
17031
1669
10088
15739
1785
21253
28024
13236
22652
28238
21495
4462
9812
12708
27812
29094
7317
15353
25783
2331
1066
32522
8657
24268
6050
569
16804
4150
22718
30505
26722
7498
12987
31771
2534
30768
30047
10252
6565
21694
29894
15498
19795
29623
23018
6490
24149
26051
28659
19915
30185
562
31300
25560
12311
3441
24386
16641
24919
19272
13282
14566
2815
30937
29689
11688
10867
27225
29507
23039
20235
18571
21296
8475
8898
10753
2418
60
20900
1042
17224
32272
31734
12186
12679
13264
7970
32116
2413
19481
8553
5816
17957
5003
27719
9397
30490
30499
16805
31917
9980
3161
14273
19283
10131
32505
2014
31749
20038
193
7083
22473
28010
5823
1395
6153
5708
24681
20234
26895
28669
13433
19315
6206
12000
12175
22354
27158
30964
4228
13333
21477
17122
32399
27104
5454
29126
5402
23612
28027
19901
20834
32128
26658
4403
15825
19707
32313
8425
30491
3047
1656
14537
26394
21773
12691
6506
20842
823
3636
609
3524
4698
20666
1357
3099
26496
23220
32161
32377
11127
15899
14640
17558
9275
14419
7546
30013
14628
24800
21944
8543
3536
2024
21929
11508
24526
109
15642
22933
4879
21062
26680
24283
6413
4066
14486
11381
7865
19388
25340
12811
11557
27037
19957
18646
10486
18325
19735
6908
23687
31415
17680
9388
30942
7063
1141
11006
14671
24197
23882
17544
5618
29574
19281
20415
12486
27158
13075
29460
27042
5280
1455
714
17631
10169
21862
26777
4295
4384
9954
26885
30140
17015
2889
25211
23848
27582
20230
25136
23336
24979
18770
10938
1784
11051
6276
2155
28188
29711
22302
3952
3668
23959
5523
8110
573
27687
9433
19032
19655
3116
32179
30032
28506
27350
20668
22595
14023
7827
2866
12163
27377
23375
23688
16547
19768
11884
2218
3284
4521
32387
4878
19714
16102
19160
3711
5038
8406
26271
7592
12426
14861
11250
28771
12758
24570
25229
18879
8061
28115
22095
23251
19438
14913
22896
32326
22204
15307
11907
8345
15604
2050
5675
24891
4930
6513
31901
14411
17858
2115
729
11563
31143
8626
24488
27081
27790
2612
21588
13996
28064
22116
12586
11200
19562
18097
9648
8674
22908
4552
22694
12587
21699
27074
959
18429
26022
10253
3868
9935
30947
19484
26765
19640
8232
14542
4742
8381
20337
23711
9955
25562
5156
12433
18780
14290
8686
14808
17862
18102
20827
31304
22031
22327
27704
31615
19447
22957
25513
24786
6799
14819
19465
11256
31603
425
14980
8313
11206
6167
24694
29140
31986
10657
130
10355
13597
1247
6514
26960
31594
30746
25298
3171
19444
31638
30539
11730
12171
13473
18624
9687
13100
7520
14890
4977
23362
23892
31540
26058
3743
7855
406
4203
13625
27737
15410
22050
1700
25793
23535
22190
17491
19812
20057
19249
23438
21278
17909
7507
11059
819
27749
17717
26924
18717
6721
6684
25524
32019
12463
474
6729
20318
28872
11004
27248
7259
27818
15797
19499
30031
28253
12173
23099
27117
28775
9673
8726
24233
1069
4761
30630
31674
16912
30980
18632
242
8003
916
11391
2621
17774
22977
10748
4346
18436
24606
29518
13821
21349
20293
4073
8289
12723
19843
13016
32014
16756
30532
14530
27405
14828
573
2462
24719
22840
26459
23094
21687
22570
16239
2397
14891
16360
16022
5359
5725
32067
31338
25229
16793
19928
26346
22549
7119
25321
13865
32740
16926
22009
1722
13515
4388
19241
3287
4562
8
23893
8788
8623
8260
12270
26950
2564
20019
17045
28018
11868
24158
25213
28791
1764
21382
21885
19643
9961
26993
6904
6935
12053
117
24173
1858
10089
13766
30685
32510
31993
13439
5600
10244
8043
2929
28038
18608
31277
5039
3054
3949
17785
13270
9640
25822
27402
3101
32716
13521
31387
22304
20183
23012
27172
2923
10057
6133
7636
2505
23551
20811
29645
25675
26192
25222
20386
2583
13290
20807
24977
25590
30315
14750
9600
11675
20671
9783
21945
6068
32316
16196
19813
32434
20350
31786
5833
16985
6404
17387
8516
2567
28551
10326
23300
452
19998
10224
10892
23565
531
8864
998
9312
30850
27934
5543
11911
18871
12058
18855
11941
7749
30764
5501
17921
18918
14206
22205
4246
14358
571
14065
32598
1646
21686
21336
2882
26817
14939
9312
3371
13048
2134
24805
17989
9390
5893
22823
25969
21130
9758
1421
5446
18784
22432
17692
24292
18183
28027
1974
28025
9464
13822
24594
32400
20651
21252
14719
2845
28082
18398
11608
30025
32146
31231
13382
18173
10596
4202
12089
19761
2352
24028
1060
7153
1284
16825
19067
18228
11224
11191
17261
23644
7201
11852
6625
26764
23095
19416
9778
6062
12392
27282
12715
14400
29912
6964
30145
12257
20766
7782
21267
11423
26528
21740
31778
7934
29354
1678
4048
18631
14673
11211
24474
27799
30218
9788
23957
27171
2825
5066
28201
21324
8283
10383
6544
17894
1986
15245
22798
5704
596
29201
31726
5779
17362
13797
24640
1731
20425
25144
31572
31095
3179
21326
28149
14720
10027
17640
8293
31787
10010
11121
8733
27727
18692
29677
18753
23061
329
22177
19941
7050
16253
10371
23810
27110
20415
22368
24374
18329
30170
31951
28479
15131
7709
13273
15414
27249
16378
7525
21387
25470
20065
16230
3780
7439
20954
10947
8437
31908
2149
5129
32766
27903
10001
19155
9607
20846
6494
15349
25532
25049
23124
27243
18889
15243
17248
2820
21524
12992
27889
11982
25661
12531
31958
10304
15575
11236
32342
5930
31971
363
8205
18269
22288
17407
29577
19994
181
17413
2728
4667
5258
25050
3759
11043
25898
29855
11563
16999
31561
20935
30344
25657
15285
16738
2674
27288
28942
27431
11759
28474
13636
2114
10041
28724
30421
26083
31581
4975
5572
1155
27028
13515
21592
24564
16484
11024
6042
11312
26742
28569
13196
4829
16694
5311
16169
15779
11053
14086
11297
14638
23582
21770
7761
32002
22754
14888
16132
9218
12547
26604
2028
8638
22555
10813
16862
128
14571
16970
13136
29716
24122
21555
14996
19803
19827
888
20434
6798
28414
27170
10951
83
8282
22195
2112
6018
19455
31950
19284
23476
8949
1190
30308
30351
21556
9512
14292
29652
23994
13544
1670
10789
21359
24013
2587
25751
14264
24443
19177
6396
16861
3203
26042
14061
11803
28237
16202
23450
29577
15297
29567
30289
31659
3768
31846
10703
14295
1062
19698
30282
12364
13059
23411
30778
26891
9726
22487
18411
14461
17377
2468
17860
27587
21186
4529
24404
21722
495
2983
6434
7799
9879
19259
26929
412
5944
12585
11861
14589
20940
21487
20537
19990
22707
30799
21547
7177
29279
5506
29358
9272
14274
24892
31166
4263
7543
8036
2017
15
25522
12687
27634
30657
6377
8770
13741
5953
6975
10212
17145
27038
17589
23429
22009
28818
11791
8017
32721
17758
13448
28882
27704
27492
11829
8937
22978
12417
31033
15242
19179
14128
20910
28986
15330
1632
6734
1098
26907
15121
997
28625
29331
14256
16247
11882
26594
27960
10033
3763
2306
6661
2576
21376
18401
6774
1619
7139
22184
10058
7841
20189
20169
7608
30202
1760
15563
11595
24160
14604
7381
1924
9793
5158
5116
27950
20651
21336
29260
13695
9262
171
18840
10995
15504
25413
9474
23016
2868
5474
11593
11514
29255
32275
17877
29468
26288
10937
28292
11131
17588
17472
30258
13075
17260
7196
18955
12301
13033
3333
28048
22239
28961
11122
26474
25890
16800
471
12017
28210
29679
21662
26236
21896
1219
10725
28263
4822
9701
4349
7397
7143
22757
26015
9866
4149
2174
2796
919
583
19656
23083
24069
31441
17952
16705
21584
4490
15063
19695
7432
14283
25501
6862
22297
4332
4780
28428
4821
29790
8628
27108
24518
30088
21129
6367
27446
3427
3727
24524
31610
16852
12513
30080
21507
26316
18244
28750
20002
21794
30158
7749
12958
13099
26966
9516
8184
11039
1178
9790
2425
11051
13363
24998
6912
2901
5433
5561
3469
13588
23222
5621
14476
10411
7627
21949
27618
31817
1188
25298
24249
12514
27677
2961
16140
30923
49
11503
11761
19480
28455
25652
13481
26293
9083
8314
32361
3143
12429
20453
25318
11712
24076
9375
3491
19652
32288
11674
19962
14527
31322
16133
23532
451
17244
26251
7592
15650
3911
26446
14812
30672
4841
31142
703
29301
8612
19098
1499
853
24604
30490
19611
14816
30120
32514
6553
8216
26742
27599
11940
13735
4220
10015
26514
188
19746
15595
13772
20649
27056
1411
18578
3646
23673
29517
28178
13795
19653
60
31021
22391
2943
30482
14340
14316
27299
5206
18244
28831
8038
15125
20022
10360
6946
14680
28550
17094
1800
22632
31438
8151
20100
13508
10986
19290
25711
6623
31995
13429
12023
23962
27703
19366
17998
30596
7799
8795
29205
20435
19838
26703
4487
546
30986
25258
23141
4072
11677
14552
6821
16060
27656
13093
26842
7755
32188
18205
28514
29205
16848
3494
15953
31466
16082
32473
20513
23592
1357
4005
11542
6321
12062
3362
22898
25518
1911
20918
31325
16647
10160
12266
23955
12702
5329
12042
20427
26446
10720
30078
28139
15526
23275
31979
23789
27749
7380
27657
5263
17589
32223
12867
10429
21032
15101
16656
15807
15987
24022
32532
4898
24301
12184
20725
20840
11973
3202
21502
1647
12550
25647
9846
31905
30284
29347
22974
22753
16964
32279
27181
11056
3301
9604
22700
24099
23408
3057
16912
12549
11560
27773
4154
10443
30673
25388
8433
9148
28651
30321
32378
31709
6315
11647
1532
25630
22462
16208
6039
27717
2237
9842
11326
22430
19566
9620
27992
12895
4032
2260
10779
20957
1669
12230
18083
11121
5613
11332
212
11816
27334
504
9973
2862
14198
21162
7177
6392
21940
842
17901
15667
18441
9661
16691
2415
22282
13160
30400
30347
18002
25725
28455
27359
23874
12296
32708
30508
16248
16568
11673
30276
20752
27246
25064
31609
8861
27783
19604
15303
8421
3306
4152
24001
1120
22480
5124
23612
15471
4182
5980
26557
21085
7620
25391
29347
22
411
13591
21524
30377
8800
16437
11688
4223
30507
24522
32728
27481
24558
22422
6437
9739
13958
15857
19464
15866
25732
27562
6044
18518
2488
3491
12045
792
32641
13353
3008
31163
17623
31764
30272
14778
7957
11682
12780
21196
31623
27924
14177
7906
23992
22790
10664
3548
26232
12943
29215
28943
16303
27421
12073
632
30949
13325
24981
9149
8333
27661
1231
4327
9748
1586
32201
737
20654
18136
3239
32176
22235
29245
11565
18032
25275
18652
4584
15634
3863
28043
9759
5591
10539
4436
17017
11915
17205
275
107
31618
25534
28883
22631
18516
23979
8425
30406
18519
7427
14542
29553
13025
29821
29630
22611
26426
14289
31505
8831
21603
11963
2652
10784
8330
11471
14663
7460
19528
23040
1836
30888
19872
30702
1141
11554
24248
12275
13746
22864
31829
13804
3197
18404
20504
19399
4622
7148
634
29137
8093
22531
12425
20413
16507
11321
352
8819
6638
14019
5991
15006
29905
9059
22863
22516
17640
21910
20172
27972
18948
2431
3345
6465
9947
6038
28429
24592
2469
18192
5479
29075
17014
23309
27194
2163
25439
18052
9360
11760
17987
13038
1952
28264
5241
17845
22984
19112
11302
20571
20297
29174
32600
22379
25796
4314
18659
7200
25976
16561
13052
5334
6457
25583
19350
52
22063
31543
25216
32535
29268
16156
11579
24893
20651
2741
19612
4278
1601
25315
4134
18443
21221
9825
4901
32555
27046
12944
3979
15129
17681
2304
650
11351
807
16830
32501
18449
1312
22112
18775
18442
20194
4561
6608
15687
25152
12509
8115
8573
4595
32635
8929
4924
2137
32478
24292
10456
32239
24634
29643
1562
23440
24663
2248
8363
17515
20439
31882
24380
17349
21574
16219
32630
6772
11750
13050
28325
26647
3640
11318
292
11286
19274
29263
13446
23133
31684
22540
26761
32727
18352
19099
15035
12972
31244
29229
28906
19003
7953
16462
7757
6870
15169
2053
28531
12608
26419
31663
18671
18920
23582
11420
9409
32738
15655
26726
23171
28585
10603
4117
15960
18838
25290
17652
17044
4127
5497
1841
2091
32209
3142
8760
2523
20235
23978
716
19993
27520
23953
21226
19389
11114
24552
30557
28012
13455
6122
19233
24521
10997
8235
13432
5723
12644
30561
28622
13116
30112
32245
11341
15751
17507
16462
22080
21119
24860
6616
11049
15743
7530
31958
29600
8870
27735
27373
32498
10302
27988
27244
15477
19185
11001
1116
3757
18602
2425
5963
13344
20044
8422
2777
25081
21525
32554
12287
27743
21713
3521
23075
6291
19390
5943
31964
29900
9538
10341
23173
20946
3663
18795
3971
14940
20114
19052
1622
1066
6495
8205
8290
22242
348
2987
8059
17580
31471
2910
7219
20620
6504
19890
5347
32386
29422
9504
24954
18787
22315
14158
6152
6774
17591
25611
11785
7886
18757
8200
25202
5738
14480
16215
15485
30989
26115
27557
11061
3294
19755
16952
4545
19136
21725
21927
19568
11375
6438
3931
31368
16479
26615
11464
6350
8021
23693
21611
14549
8130
17826
32388
24839
25314
16981
11665
24948
6040
16858
12942
10590
3848
20961
30958
27008
32498
26568
5719
3874
3538
4223
6689
25566
1208
13119
22669
24112
17127
21226
11717
28351
20272
31296
29847
22125
8972
16072
11505
20768
2940
1657
3612
8526
15265
31787
185
18507
27930
24256
15484
30546
10785
5905
1450
1365
7525
16538
18003
30084
933
4326
32592
23199
6929
18873
19707
8956
11360
8703
31665
6487
2480
20855
26632
9821
7970
11039
9937
7927
28978
29278
12492
11095
9431
22260
3630
4803
27998
17314
15827
30756
31750
27544
21571
21326
19804
17059
3686
13069
28757
19475
21511
5107
9005
27757
26123
22500
25090
10709
13422
10846
17199
1850
6145
23945
15721
26175
27621
3074
13212
7149
17093
2919
25219
9241
13271
31650
3082
8086
31634
32502
31843
2331
27693
26315
17642
19699
27099
24889
18617
12135
28359
29526
30475
11755
21201
19520
20305
18187
21254
15593
2838
21779
5346
24741
2451
26497
8517
17013
22802
18219
4917
2833
31235
4400
30297
951
14303
5280
4401
31158
13248
24299
5910
20153
31933
8970
32245
16852
20999
26479
29643
15696
27333
9901
12256
13623
24495
20199
7107
25246
4716
19450
4105
26549
11948
2154
8388
10384
8453
4365
13765
25778
8079
18298
27282
23902
8254
20271
29222
5278
22786
8580
31339
28944
9632
29779
19320
21107
28494
24421
7818
25333
29201
27803
26820
12602
31703
32481
5542
24364
340
15314
27983
29061
9373
25643
8819
3102
2437
18161
17434
9973
5050
15202
3870
2047
27295
19869
23394
3507
24297
2576
8402
5715
3577
5029
20511
4089
24315
28844
31543
32101
13762
14983
2439
31624
30562
7191
29680
5071
15499
19178
17546
26417
19880
26401
22043
32247
17595
28194
3926
18510
28919
11267
5587
7054
22554
22449
13522
14408
29073
17892
29615
9490
30538
24259
6181
27153
26711
16982
4163
31051
6471
18352
46
20394
28228
17112
28572
6863
6892
15739
21259
28572
1008
3668
27845
23936
7791
31575
16789
27265
26896
21152
7494
17419
23265
9759
25312
12410
25587
5632
9378
3433
23473
21979
16318
26296
30980
22688
30679
29279
12329
20288
20027
31990
4685
26140
4320
4864
2797
27950
23840
29435
5872
22266
4660
5160
20865
14898
28530
19994
29358
16940
23111
27905
7106
14852
2034
16052
3427
7825
1797
25728
9066
25353
25757
30130
12933
21618
26972
16102
9103
18384
10795
10766
26794
32520
26801
6977
10274
28822
32658
20041
14593
24051
22120
235
19826
25795
6530
30196
26326
30402
12639
7432
28584
25709
13800
27434
5905
26224
22897
12298
19018
20946
1902
29714
26550
25314
13045
11055
1979
19169
4343
18528
30564
27756
14910
32255
16567
29360
28966
14034
23767
12108
1819
5073
27610
27396
7638
31413
3688
5420
16471
325
15640
32207
4001
16736
14730
1698
32568
25033
30020
30379
23899
24501
2638
23729
8961
25878
8588
11362
18326
14245
25310
583
5234
3250
19193
14952
13341
19883
771
17854
31045
6510
5617
27229
6523
3662
8097
23134
22449
10471
20918
19854
23156
17314
27191
2520
10729
775
30694
1650
4489
15046
2146
5578
24988
6019
7164
16943
19575
6501
31577
18752
23413
11101
19148
25109
14262
25398
30576
14895
17050
13921
23048
21792
14844
12158
11160
15097
25647
28842
10176
8568
32697
3723
30939
31726
29393
4124
18907
7666
30362
7993
6626
23752
14877
13802
11681
23438
14601
21615
14961
28204
16938
3087
10035
16121
27049
27297
32488
9006
25353
4823
28943
18955
32477
3406
31682
13003
18505
7766
7055
5448
32320
11393
7447
10606
25719
1005
27753
31073
10283
593
32284
10862
21656
30666
11822
26803
4916
18531
12448
24973
13232
6758
28621
30916
14252
7525
29838
9336
24124
13831
13327
7115
27423
6804
24432
17484
9657
11326
4379
2598
19414
6453
29672
3853
29725
4969
16370
23524
7254
10269
10551
302
24411
1072
7154
21051
3808
12586
25272
9998
11490
5897
4692
20753
240
20170
22371
11896
17693
4534
432
2165
9920
20849
26957
10272
5874
17604
2422
20004
9925
29989
27941
31019
27460
6412
18804
9991
9519
18165
25015
31909
10355
19763
4437
178
16235
14971
5995
21770
1497
25388
31
6885
30627
28511
18372
28096
12109
15795
5042
8461
4154
9941
7395
11418
22690
28114
10318
29633
22354
26908
10500
21333
16679
12381
26635
8775
25160
23295
19965
4380
10022
7032
10848
5135
14645
17238
5316
17413
11111
31758
17311
25141
29293
16516
29928
27284
9389
25434
17526
24833
15874
11769
3094
17717
25398
25696
10605
22888
24895
14767
17811
10180
25661
370
31340
29323
8751
10670
29126
31495
30073
18862
23093
19253
8982
20874
19885
28208
18588
9852
1508
17247
11765
14306
31333
22622
30423
22802
17524
30125
28680
27618
25765
18971
29780
10226
17979
24816
9545
2752
7233
20189
29625
15465
29802
16804
13293
30016
7082
24199
14761
12304
12432
7026
14308
13617
32618
32487
24644
19021
1047
29357
32347
4848
11690
5432
2724
28113
16324
13783
28987
23266
28078
26528
2144
13849
2872
22299
29354
21244
28501
20145
26891
17647
25715
5587
10375
24638
17052
5866
32691
16360
3918
30721
14320
23601
16154
4660
22117
32230
29951
29656
28861
6766
23428
22888
4518
25749
29591
18738
26885
7704
29992
15814
17401
30192
7557
2841
2198
32607
1908
27261
12638
3515
26898
22849
1151
253
21358
13863
719
20233
20453
18826
19079
21947
30523
9292
27075
16822
24190
385
23733
5611
30107
5853
13228
8171
13245
32734
7369
25837
11625
12216
19835
21407
28762
5637
1983
18093
16670
25129
14105
9234
5741
4486
24913
9505
28236
13413
26350
4946
22758
5535
20340
1485
21797
12559
7517
27576
