13771
13786
11979
16525
30653
18735
12201
12511
6765
8398
17380
24317
21546
15534
26363
9904
9601
20236
17438
8559
14467
19781
29435
21716
26968
6416
6779
5217
10042
31062
3901
1242
7060
5611
14444
17032
31064
10226
12951
5883
28838
13531
7216
10984
3008
32138
29334
5562
6745
30004
14372
22168
13724
18515
21819
10513
6968
5425
30646
27535
14530
21441
9497
5133
8662
1481
30545
30480
19631
3253
18095
3757
13571
2954
20704
11667
19515
21818
3775
10497
4815
26880
14637
23878
21336
15634
72
2552
9670
10021
32035
9373
16441
24216
226
5234
20014
15916
24480
527
15811
24811
32035
4822
20537
1107
5820
8868
20248
25333
21312
8518
7420
9169
31881
10782
7006
15204
23169
2199
951
27171
21907
26421
26811
2203
7806
25883
30032
23952
7305
32457
26355
220
32399
3370
21475
25112
12397
28960
30318
24727
619
25545
13584
27631
6428
6841
32432
22005
647
6253
22206
27452
20453
31057
24330
13261
28145
30502
28647
19405
13988
30508
30407
8830
744
31352
3741
6642
32282
24568
11285
17899
19423
21910
2132
31505
11811
4898
15534
21468
8057
25801
32327
183
10825
11789
2497
4256
12299
25177
17605
2570
5821
23719
31826
28747
2606
26564
5011
20760
940
12579
9155
2271
3578
8857
3275
25968
19882
2200
20322
21875
2365
13195
30286
12069
26225
16880
8186
22726
14282
20499
19749
14603
8743
17585
19504
8407
2062
28804
4778
26811
31411
7557
15624
30650
28054
20693
30053
26355
459
19070
10715
3843
10008
14690
23900
20551
28143
5003
6668
16732
9926
13676
1147
21965
5989
6372
17505
31937
30628
22818
28640
29796
1056
31344
21041
10706
9949
30688
11470
9716
28693
8508
32280
933
26930
31448
12996
27526
25771
10801
6165
6315
5792
3397
27297
691
26897
32156
5260
7620
20033
17810
6381
8550
18484
32473
4924
32218
7048
12877
29752
10156
14017
15263
28094
23462
31123
24996
1406
9826
10143
25790
32600
31570
25749
9340
26163
14772
6334
29908
6271
18501
18830
17524
22164
10937
6169
19174
31563
3101
19394
20903
14893
1640
10349
11496
28925
9620
19186
1887
29903
22224
6632
20920
15520
23699
29870
19578
32053
24109
32421
15491
26471
16721
17383
4695
8597
24960
10277
7179
6980
5123
23561
24073
10313
4296
18665
28886
12178
19422
707
1537
17558
70
2797
26357
6372
13977
9101
10377
19262
2044
15362
25965
4448
28907
26930
2688
26413
30435
21411
11484
21115
10220
3828
25864
11280
20466
7244
21162
12594
20449
23154
30271
15945
16839
1340
20540
21649
10887
7070
19556
22841
11578
18529
28565
21679
12756
1847
27961
23704
10335
9751
13019
21795
29938
18608
16864
4234
24322
4311
17759
32145
16014
270
29516
1344
19044
7367
1588
21545
31758
14201
31409
7590
11005
22741
15075
18268
28568
26026
10722
25960
14821
32591
13193
28727
25307
16933
9099
9488
18629
13759
7390
13768
30544
24469
20198
7265
23279
3806
14705
15022
13127
226
8633
4724
1123
5064
27716
25773
10930
10795
7242
32148
11594
1364
23471
28549
13339
27081
11306
8713
14885
31680
3461
12652
11449
21064
303
15400
26995
11941
28763
3262
12119
5676
19802
1921
16264
31706
20143
829
6791
18115
19768
11777
20643
3602
24985
12341
2386
26604
18028
1565
23970
17390
29782
28833
23883
2382
32072
3662
12817
13250
4081
6340
28006
20989
28575
17537
11064
2995
17896
15465
4653
27095
22153
25047
144
7031
14386
6803
13689
21431
12680
25662
9432
27376
25074
2361
10193
19068
19713
368
122
20520
2192
17011
11155
28211
29457
24930
28798
7644
22546
7077
28747
26648
12090
14334
17087
5118
16926
20754
12327
23864
9149
27042
5565
27585
25744
21021
4856
29017
15715
19338
4196
8439
24916
29770
17113
14863
13136
19308
16609
9984
7466
27502
7551
11871
31012
22799
32011
2096
3941
13789
21379
19828
11160
3921
20492
24445
16957
19246
27588
20366
32330
16746
9227
26920
23670
18738
8835
1163
18346
4540
971
8715
10076
7093
6483
13876
20763
18786
26650
9876
23527
19134
8987
28588
6943
7363
32498
31906
6625
7335
19300
5440
17308
16840
27423
17893
24392
29008
25391
20378
10574
20004
23826
28771
11694
3670
18217
31956
32294
30929
28656
10932
18693
1198
18397
1527
13425
28033
22577
10039
5840
21720
26438
25853
10183
5591
24383
12431
4243
23033
10036
30494
22869
24249
17591
24719
357
5690
27505
25305
18665
23138
22579
6167
15125
123
4186
13205
31949
552
6023
15089
17070
18563
19164
20083
5885
20862
18531
27968
13743
9795
13834
27505
1918
27109
15793
24082
7060
10870
24729
31539
905
7768
12200
28719
22280
2131
1073
14051
7993
24777
27227
14878
7799
16545
9752
32697
2810
17446
20549
28700
24360
21752
4481
22032
23123
4493
29627
6410
29404
29697
7847
829
12128
32301
16568
10725
1604
28493
26476
7545
29829
23126
20051
20377
31173
357
16350
15421
612
9163
7925
5425
22668
27239
10402
16625
14216
18197
24687
7954
22946
18641
7634
18853
1679
20017
9049
21196
27710
28613
30083
8870
17826
16647
22038
28554
1340
16429
23440
23334
22223
24238
4076
2851
10730
23346
23933
22953
8313
32306
14049
5407
20131
28155
7868
20005
29042
31524
3352
22273
14524
31071
23982
512
23774
5998
27925
13347
29611
4575
21593
12070
27985
28324
23013
1096
7179
22466
10772
14995
7869
17364
13746
14839
15899
1432
29249
18401
1421
1317
23205
15503
26540
29239
9729
19616
23556
10269
6755
44
1999
20178
17376
10017
9385
24879
23764
6469
6668
12888
18071
29281
28493
16037
32263
32626
11538
10535
29104
7
26955
24208
26093
18567
14294
26131
29747
17561
12612
5956
5003
16376
24316
32335
5225
13304
4959
317
30784
20328
27509
732
22404
7741
19726
25197
7460
10843
24047
3921
5983
28315
12805
32686
89
25775
12793
1993
13373
20849
23226
2332
18816
2744
29964
26884
2690
24031
6017
18023
16756
18694
22645
6494
2467
25522
23342
15228
22762
10268
29510
3553
14785
20361
20758
1451
14069
15937
19565
3712
11956
25594
16696
837
15073
11317
31355
13762
29099
15281
4860
31446
7523
27716
6883
20726
21858
17418
6976
17995
29756
5220
22136
8121
13922
2668
25775
11750
3166
11838
10032
30948
18487
7988
4619
7076
13907
12423
8749
21220
30974
2716
9169
4146
29152
23719
30523
26112
11800
10704
7476
17689
2919
14090
4357
25038
9900
5064
20543
6578
2461
23588
27933
18628
23072
29850
16810
8183
12713
27138
18618
13837
11343
12163
24312
3232
24488
10905
19545
6039
16483
25474
31933
307
15719
22136
25110
18431
15204
11050
27994
20732
30843
5061
7637
19128
9124
1594
2392
12298
4982
15158
5954
10300
14253
26580
9894
6505
30667
27071
12417
2197
6119
28311
5878
11068
30831
29444
11261
1570
23481
530
3698
30145
4742
12804
16418
9756
7530
9675
18659
12747
16455
31525
30853
4405
25558
9670
871
3407
18184
7896
6629
6554
24541
24716
7466
23220
26623
8670
13321
17971
26097
16808
14327
17348
4930
29079
4128
21638
11150
1430
19125
24082
9752
11370
28015
10821
18050
2934
9626
9080
20084
13295
13797
25602
17992
23879
4084
25440
20821
10753
25510
25379
8880
31429
9597
17322
21286
29133
22156
5490
9270
30709
11880
16804
12823
7740
11901
5126
14498
17676
13341
590
23272
21791
640
23369
6679
27356
4745
5309
4367
29303
30397
5781
13516
17254
5403
10638
20899
10637
3057
12197
12669
17734
9919
25217
14936
27200
15864
5898
20582
29570
6552
24748
30391
1393
24116
15971
29247
11134
26568
8157
9658
23345
10169
26356
13266
10356
24431
6146
20831
27268
1422
25342
18441
27738
17375
4109
1651
28817
26285
27478
1334
20529
17858
30877
11445
24644
6213
1540
29963
23784
6057
23981
15712
32520
31184
30875
8298
17777
14492
12755
17257
19221
26921
4017
13577
30337
13213
9057
23309
29206
13356
17226
13473
16190
12345
6600
19367
27568
5547
9748
8820
4936
6044
14569
25599
8431
16254
5799
11847
22069
19063
24094
13138
21107
11593
19348
7225
80
17046
15042
14508
12419
9754
30326
24040
13397
19419
21150
3274
22086
8395
31397
3796
3420
8161
6364
19376
16385
15879
22190
26390
23238
1595
8844
15448
29987
23723
233
21974
30683
355
11850
8772
22861
25684
31921
26137
3968
17424
9321
34
17315
14704
1255
6195
19726
232
4368
28417
23117
986
26112
4899
5601
29863
3256
14870
3740
11485
7537
5015
10076
3934
25685
3982
17126
13556
14912
24863
25675
10863
25968
16723
17091
18436
3209
12446
27050
10964
24740
28463
3233
16522
15854
30893
22846
31304
17671
23147
22773
29963
24910
20831
27499
31246
27545
5980
15338
15380
21422
24382
31568
25052
17185
19435
26842
26155
8900
6497
15437
4875
21454
11134
4363
897
5464
19467
30386
9676
2572
12976
19855
10439
10462
18143
27659
23903
17714
4524
27233
6498
5708
32031
7027
20744
26565
14576
15299
2778
6528
12002
12161
22452
6841
4544
3235
22946
7214
9953
2261
32025
3312
3660
15725
21969
15179
26434
18632
29777
6065
7963
25603
6205
3220
23175
28212
12734
26775
19420
1793
28461
1780
11955
683
19218
9914
15710
32760
11676
24287
11920
327
24703
15904
23602
883
1576
20859
7824
14291
14732
15398
6138
21600
267
53
15596
21644
18343
11434
22224
8643
5170
30493
14994
28581
22132
29559
12873
1043
10959
7574
25345
31481
8446
16663
21975
15306
19276
31409
10917
21103
13312
2280
20122
6894
1868
18361
20487
9455
25675
8906
5215
7921
691
17976
14397
14070
2874
9929
1580
24503
31187
7819
22893
1000
2776
2803
26283
8028
22568
16267
22426
24377
19948
22944
12256
16069
2176
12919
18662
32642
12856
8132
12131
9448
12845
25097
28167
19104
30705
7932
26085
14449
922
30823
18791
7248
20051
16982
8502
1338
16796
3265
25562
11858
12915
19721
13865
28844
23765
22781
21775
21949
32542
18145
25185
24977
5731
21088
16180
31823
12011
18057
25615
5442
12357
760
2600
31127
13380
23964
18457
1348
18545
30960
1539
13555
22120
1478
12423
31657
17884
30901
26867
16732
710
6958
2980
22999
19458
7839
27683
30620
12467
23038
18886
4054
26202
16516
11072
31495
17598
9146
5190
3938
8674
718
11224
57
9048
6335
11874
9843
19712
30869
2560
10471
4623
10616
17114
30785
1834
3318
8486
22656
17298
21343
7381
5208
9488
26403
15132
12400
18491
20967
20271
19195
9508
28304
19416
25566
15994
25926
30217
24218
29056
7971
16196
18271
27577
24606
3183
22677
14473
16988
25552
8654
26507
25021
20138
2613
8215
21855
21747
15847
16178
8422
6588
11253
8205
26853
14619
14326
2237
18001
11633
2761
13644
19927
1105
27458
18115
12718
8325
9308
11769
15020
31773
25207
4651
416
13282
28701
8363
27543
15008
493
2775
13469
15758
29868
27669
577
4090
9758
356
29427
24123
4287
6724
10087
1354
16779
7883
19032
30062
12364
23837
18749
23820
26509
4215
1342
16161
20669
10820
28445
28326
1345
3219
17429
20489
9692
9905
13433
1808
25785
13483
1624
9562
27490
8498
28504
12355
16217
9131
19355
17184
30894
26810
17352
6473
14334
9060
768
2292
28975
24958
10018
25648
11784
6303
31267
5591
29788
30568
25509
4273
31920
4991
9972
27869
24460
6922
15325
14154
30374
15834
14220
23815
5760
14764
3168
29636
29397
6495
13916
24814
22594
2138
31356
28521
632
10101
30214
8092
18013
10176
18133
26868
5830
15061
4736
14280
18599
30470
14791
18548
15178
1165
20454
3077
18121
18221
28078
22779
27599
29989
27235
12941
21113
8298
17248
2615
18857
10860
15983
3564
2278
30029
17607
4318
3657
5091
19982
2796
7679
20960
29914
16233
7043
22790
18604
11704
7821
25516
16658
4273
23627
24458
1659
30797
6065
31031
7634
21707
6500
8314
16737
28802
2633
17263
11837
17006
20009
8836
9706
11360
28281
19098
26482
9041
12016
17672
4763
4043
26035
20037
13730
12588
16316
21204
6577
21425
18575
20984
8732
31941
7005
9486
22200
18993
1585
6073
10375
26393
16147
3800
14943
15092
31792
28366
10945
29589
18002
23519
10964
22959
6788
21761
23606
28921
1713
30320
18383
4798
10798
29149
1582
28668
16313
16210
21497
1212
23295
8617
6002
26089
13789
30527
31216
1613
17886
1017
22186
24251
23868
12538
30185
21504
21341
10105
3684
28156
18574
5951
21393
4797
19716
223
16677
28550
22201
16690
18146
9738
27016
24850
28622
19431
15552
24901
2426
15104
10625
3519
13270
15690
31138
6788
22360
32528
32002
15040
15386
1628
1398
5162
23788
16086
24109
28000
20636
13647
30257
2967
2226
5444
14914
18490
5861
8313
29447
1490
22180
19094
18680
9276
5148
29570
5430
4781
13060
32425
11355
10551
829
20571
6872
1076
2937
24458
195
16933
14966
11403
26079
16394
26504
10830
4089
14942
6586
8402
23067
9342
20054
10815
12745
14042
15623
8122
1661
7785
8355
13077
25010
32594
4417
125
4675
3008
3853
10069
29700
28469
7200
2101
2079
21396
11321
1061
10506
4268
8873
9513
13211
4341
547
28240
21157
24035
3851
13302
27226
18332
30890
26023
24672
18728
5732
4738
22102
18988
19878
27602
25158
309
31953
8467
1745
4470
31584
31580
29634
23215
16450
19646
29247
2197
32177
29972
8353
27517
675
12895
10721
6386
18597
29726
458
11526
8995
24325
18692
20735
8646
28076
23989
10754
4806
5915
6218
13195
4291
4908
19048
212
3269
6117
27431
25032
4635
24587
5675
26333
18319
8894
30515
23968
17363
3919
19088
15312
28308
30013
4598
17331
11094
15282
23423
30403
14877
28170
31727
11021
27868
3850
1486
16068
18201
18191
19963
21179
2783
27552
30189
18635
15999
17567
25427
30373
28558
3215
12872
12279
889
11189
4340
7379
25808
16430
4994
23035
31740
31903
18885
9852
20583
8858
13001
16208
22748
27264
11483
29939
9381
849
30138
17403
16388
29507
14468
28685
715
1151
20127
13338
22570
19508
5515
26163
19369
20104
28551
3900
26838
24943
21903
9498
22412
24719
23245
30915
21481
6332
25471
24293
12757
9264
30348
27175
15638
30345
22838
6404
22323
26867
27303
304
8642
21279
12039
2997
13707
21248
17442
13816
21584
30121
16885
28247
6312
19000
24208
28058
22028
12957
29231
1176
20943
30633
31
9186
32313
29556
26013
22213
12015
28879
20708
20589
20292
11045
9871
9706
21702
17006
20783
8215
23365
18113
24726
13161
25848
2937
15836
14498
18174
23658
21231
31133
25107
633
877
28844
11441
12574
17680
10500
26148
1052
30981
18368
7455
3508
17512
12405
21787
3904
18871
11924
31167
2342
8960
23347
9334
16223
3694
1786
10606
10766
16063
986
32570
30432
2981
489
27599
30831
30565
18298
10158
12898
26454
20361
21171
26874
31258
29920
11545
20892
3497
24683
5792
28872
29437
19849
26577
2657
31499
9295
22899
11591
17327
15133
11878
11029
30129
17509
17747
29638
31835
31747
14238
5396
1357
7218
11007
25443
6176
26817
27992
25078
4403
14386
28625
3994
29742
9241
6944
22015
28742
15118
11235
24540
31007
28573
24521
13005
25451
13213
17076
25115
29954
30755
20461
1506
17439
26135
3956
16489
18605
26208
24671
9978
27607
12445
20142
16247
9217
19201
17888
1884
12587
13124
17295
30699
9644
24439
15544
24549
27017
22633
3333
20009
30260
27973
29519
30576
5140
12043
9973
15231
17763
30795
9584
30497
22622
5120
18421
24234
827
22254
21167
28421
18540
18426
5962
9368
30909
16709
19813
19562
28501
27914
22080
13916
25240
29842
20135
28098
23961
8932
11641
5198
6543
6725
17711
8688
12827
17467
4996
30053
28594
11105
538
11228
5743
26841
4843
7155
28992
23850
4122
23214
27463
3848
4504
10410
26360
12712
13536
2194
20552
15089
15153
19157
31007
3947
26543
11621
36
22855
1225
11106
16750
7892
8339
15398
31561
9351
23465
26319
16040
14761
5076
32262
31125
23741
9004
10691
25530
22689
15752
24866
110
17960
30369
26300
18274
3391
12378
28733
19815
22937
20376
2147
22793
27663
29732
31311
22869
25534
30663
19787
7340
30665
15787
19887
23542
622
9979
22417
9694
20743
14344
13309
11864
16014
25389
17142
19696
13884
12335
5007
14999
15443
1949
28624
16881
23059
16077
9100
31369
16520
13814
23377
21418
24539
20986
1079
15413
21069
29390
18777
8282
4182
13339
26662
9200
27892
18392
29241
3518
15340
13290
32545
25767
14551
18942
24119
11547
22603
10159
27656
583
5703
6857
12387
24292
1588
30919
2292
2448
32663
15482
31162
10350
68
28803
22978
30989
18149
2246
5461
5824
17491
13111
5378
16680
18415
21442
5619
9277
15424
11748
24895
11121
10362
8068
10820
2407
2415
29581
12156
263
6853
32169
3498
17829
2302
26179
16193
24087
20869
30787
7894
6077
13630
7821
18127
16714
28647
20801
4063
5884
14527
1835
12440
30361
26775
8338
21273
12601
16020
27154
22925
18134
5368
22454
8070
10290
5330
6433
31988
13412
16106
32756
11463
24273
1615
19084
18133
27000
21522
2790
14157
24425
29284
2089
23232
1477
31478
25300
2779
12423
9453
32174
19434
32597
25933
19904
3972
18521
31415
13050
27535
5355
29162
16692
31070
16922
25569
29852
17856
25237
15103
25080
32570
20608
8943
1371
10867
7417
8626
13772
1287
19209
17254
26453
11898
1003
19664
31399
4162
30085
6956
8189
21337
8057
22808
22200
19015
31654
29510
12602
824
21836
678
26273
27596
18014
22817
14600
28610
13725
5081
9821
13306
27725
15978
8792
17496
1783
26554
25796
12396
2118
17126
10603
13200
22828
1682
30096
26889
21314
11724
13979
10000
6648
6151
9035
18135
3195
388
6737
26743
24947
26486
11530
9541
28620
30390
25040
19481
12587
20
15498
17280
3512
15436
17556
31375
18118
11848
1098
6176
27018
27799
13248
8435
19522
10440
31386
15032
5607
2505
31260
19011
3514
13527
19967
22987
12516
25428
20033
3741
9659
8656
30643
14611
15966
6870
1785
18047
17206
5013
9320
12086
9847
30068
21516
27850
24111
28970
15666
11189
571
28926
29510
8577
17680
14446
16609
655
9101
6045
29970
29114
28446
11592
29986
9784
26109
25091
27625
18963
23295
11330
23640
11301
15747
2498
10547
24059
8378
10083
25992
26495
20781
5407
21612
7434
11457
13032
18073
440
22639
25092
701
30484
22589
19868
29113
25161
15933
12010
14715
19046
3851
8145
18
19767
28327
14527
4606
21150
7932
17425
26360
16489
22991
20386
20524
1846
9612
14999
8710
26146
31687
18784
31635
5083
7059
23655
30658
30441
20754
13619
13620
617
16535
8231
31398
26097
24968
14532
28454
18450
13430
17415
14150
3280
17632
25324
7767
1603
11155
26254
8704
16128
12398
7184
965
8701
4571
25614
21698
10374
12272
29183
23964
23629
25025
28130
17762
11922
5360
13888
23260
24567
30072
20715
426
29427
23801
5978
22156
5262
31169
30711
8081
9321
2613
8927
26734
7341
22819
14928
2875
26113
28570
32022
17268
1570
11044
27134
17090
25052
17432
17272
32057
12962
12845
16183
28481
8298
5759
10435
6968
8656
1583
31332
16966
14941
24171
27025
19728
26913
6333
9481
6768
19683
3003
20458
18914
7540
20106
20527
22088
5051
2550
8129
25752
27224
22788
9909
23665
7766
19703
9821
15271
22565
30657
14602
19546
23583
8723
8149
4828
22335
30001
3008
8497
19273
22098
15773
5477
20773
2900
18738
2710
8369
30368
9180
28972
13953
21195
17455
6658
9295
22495
10265
6750
17909
25783
22767
28548
41
10783
22868
11117
13352
16222
24516
29255
15472
31024
21611
22683
19946
23964
25725
2789
30539
225
24117
5076
445
14055
32697
1054
24958
7925
1303
11579
7580
31956
26437
28962
11802
22345
7612
14636
5127
4397
20918
11113
8800
28680
19387
3440
27853
16251
19698
11778
9748
27405
19163
6151
8445
20379
30751
24267
7951
18124
13683
12545
30548
22722
21894
23316
1670
31947
8584
3312
26737
26162
3307
17478
2149
10483
4578
18557
10196
22003
962
28606
11724
13614
4158
31998
17321
4848
31933
5014
32353
18573
24515
1241
22243
29104
3115
26133
5376
23547
20972
25678
28970
12794
8184
32552
15071
14427
4516
22508
27357
2176
12919
14351
7882
30595
23443
4956
7907
23368
2838
30307
6538
13685
13471
24952
12697
16332
8831
18539
27452
17861
3301
18766
14806
19076
8306
8296
8845
24256
6090
23657
31783
31558
14181
20219
30597
21787
30182
399
25271
26527
12993
16751
8142
20093
29476
23233
17512
16134
24592
21068
6010
30493
16173
9449
22343
13088
15018
4892
16530
20136
4602
28658
14739
7430
31339
10680
8011
30504
8670
563
6592
6870
31527
30507
13261
30016
24972
17245
11869
964
22158
6964
30975
27806
13463
17329
12582
17671
735
14875
25183
31779
27601
27823
23241
24759
17366
7753
1646
23779
25778
1781
21373
28759
31049
22522
29130
16215
3830
23815
6670
17736
8230
18712
24693
23667
15732
13300
28543
5234
25322
10418
25468
2419
25045
6957
26253
21194
2043
5791
21975
6210
19680
13624
10035
1768
613
20718
22181
31567
5684
21599
17157
3360
22402
8353
11200
30436
161
23348
28816
9480
22723
8073
3865
14385
13849
23061
15159
20097
11806
18261
14701
11454
11788
11547
28100
7115
16740
18328
20908
8398
30163
7967
26372
29160
19251
10581
7599
20623
2016
937
3361
29908
11992
29805
20257
3341
21231
28682
21613
22913
23181
7332
24779
25504
20626
9329
30736
29582
28940
810
26931
5708
6215
6681
3058
26731
25056
14759
15215
7264
3010
29345
13976
19222
19963
11425
1480
12858
5359
25127
12308
6362
5127
29102
27107
19550
12816
19915
2520
30414
32296
1912
32345
9408
26473
20445
18629
8093
13901
11239
29232
12638
19301
31428
29817
25535
4849
16845
31900
4962
17399
4036
14002
26002
25729
24621
23648
21194
23758
29428
2662
12086
10901
9006
22389
32265
11260
12073
24162
3857
18581
19700
10719
793
4758
15174
4170
930
11777
26497
32312
15610
29507
20187
14128
17423
27865
12752
20802
28764
20849
27418
10466
14890
20888
1981
4792
3946
4421
21036
31942
20310
15399
15781
11419
414
25819
32483
10059
12789
32225
17819
25623
14824
15294
30266
24543
25540
3265
30754
15596
12435
14169
27152
30407
6244
32449
22923
15145
12327
21548
16154
23239
18322
31250
19143
27152
32761
27492
6643
18560
26155
20987
18816
4913
10797
31937
29040
11335
30195
13315
21963
12459
12743
15573
25544
8284
2906
19325
12098
7330
135
21449
24117
9839
21964
647
4286
17031
27320
28193
18270
29086
15676
19949
12085
29830
11936
15220
25064
22633
3663
5336
29449
1759
20900
5620
26128
13898
30062
9305
28713
15319
13330
16193
19740
30796
22077
21709
8127
27485
25735
3846
24795
29326
29199
16288
15925
13483
27126
14145
8957
10654
31973
19872
18999
152
2805
28527
5847
6361
25834
21822
23230
9205
11401
31367
18632
30164
22139
14793
28980
4428
16635
22858
8776
14644
8805
9742
27985
26059
7328
1260
11090
11498
30118
1758
28335
11228
2661
4244
1266
20306
20345
16230
25908
25924
24025
29914
19431
16094
3076
30634
31609
21618
13928
31175
31345
11189
567
5661
2546
9808
20106
19476
29336
6382
14643
1097
30444
4459
2148
29633
7212
13517
2354
21812
28136
23258
9292
13688
2121
8166
15742
7410
4139
7644
27777
6299
31426
29491
7285
17956
2965
31452
4107
18493
21891
8651
15708
32525
20539
4478
7197
21673
22191
8738
30835
22714
15880
12148
866
22111
10817
14373
17686
25356
10514
28118
15780
31883
3036
11658
28681
6568
5454
28732
31864
16351
24793
26348
11958
22729
2579
3844
32200
2320
1177
30026
28566
25751
6861
2258
7124
2199
12691
11995
25199
29230
27421
19034
27743
28144
24489
3353
5932
27302
24114
21259
11648
23537
17428
5699
12452
25812
19601
27389
6280
9877
7946
19294
5405
10192
19932
25382
22503
3038
8219
21898
32136
27990
21983
11925
18623
13255
26881
25533
12279
1784
4760
22407
32664
2613
7571
7996
19107
11616
5978
7588
818
1155
28110
28539
2914
21734
22391
23076
1946
15643
16028
8857
29281
30482
27133
7047
24403
904
25819
26649
31255
4090
4967
20379
22263
7681
31893
19979
13773
16078
29380
10089
32604
5923
9264
27895
26277
28440
12983
10194
2286
24462
5170
1389
19871
14741
31169
486
14542
3645
19523
21613
26089
22001
20973
22264
18606
7209
29007
32723
10140
3933
10304
8985
27822
10836
8939
29508
10805
3243
21949
7818
12058
2789
25634
31197
16954
3119
7925
5819
4208
23195
5898
14291
13501
31359
17242
22279
6312
25512
20144
14123
8445
29109
15884
17883
22713
31125
25830
25611
15965
30903
20130
4006
32253
1158
3166
30642
26559
23706
4823
70
12299
17776
28929
10854
12105
6306
22445
11726
24879
1100
21454
9751
24571
1568
21842
12464
2635
19126
31492
31145
26449
3010
3499
5163
12999
13464
28425
20626
10314
14343
22741
15586
14720
9241
31676
2188
24248
3871
20128
28893
27861
10648
22110
23910
4018
349
1736
15858
24486
10247
27185
27230
19208
11892
20159
5473
18797
16472
31443
16980
7033
15828
22638
12770
9449
28593
27649
26359
32583
16688
14120
18701
4223
7338
24835
16991
32228
1277
13719
2332
9214
14434
26436
13701
26525
3945
28844
17494
10919
19765
24799
25186
18471
14209
5314
628
17461
3308
6620
19723
6351
17622
30702
14167
25793
26210
17155
1352
25066
29701
261
3052
15806
10533
25795
21587
17455
7018
22926
1480
11166
4773
17279
24360
15176
8021
14441
32734
30134
11557
28756
14689
12709
27664
8684
16237
12201
248
15206
15617
8423
13471
22483
30856
17380
12649
2713
22896
19644
32481
10056
7492
7344
10244
23554
13423
380
7615
29349
27912
14325
28695
2034
22481
32695
22234
3845
16414
12176
15229
8828
6077
1449
14969
26594
17894
16253
16756
19622
15180
7295
420
26148
22535
20483
4861
10763
22439
7715
5905
7308
22308
13599
11631
1104
14464
30399
4366
27126
18561
11602
27813
30508
28124
1867
3700
4457
11623
19336
3273
4532
29137
1333
29172
25731
4903
4305
11077
22903
18348
3621
10254
20451
22657
32157
2697
24682
26418
11667
17038
8975
15696
22196
22314
3686
2942
8299
210
6983
4559
18172
27257
13381
21141
14469
17727
12778
32065
19575
17407
20803
13456
28194
6641
22251
25582
19590
29654
30639
9798
31521
27752
11823
18728
5695
6657
28421
17494
29103
10231
32550
8288
5126
21713
27163
11156
9990
32288
6746
14144
28066
16089
22305
14475
28311
636
14493
28079
5655
16901
2760
1001
21746
30662
30402
19505
15770
29735
18830
12027
5371
30596
744
23574
18778
22717
4150
30128
10233
22381
20509
19944
27182
11254
15135
31802
29555
5366
14386
27085
16402
292
173
333
8515
15346
7748
17254
25803
25666
26722
15183
28197
27739
20086
20033
18161
8846
22433
14946
11448
29668
12691
19035
11461
16467
10626
16671
1879
6113
29654
3584
18558
19062
6419
26757
10661
6118
8928
18133
22528
5372
11494
13381
13626
3974
26012
779
27294
21473
979
17725
21868
16029
27027
24265
27333
18542
12194
21626
9168
12770
50
24562
13026
11789
314
7116
4969
26906
18252
28177
20964
28497
14472
29556
30895
16373
10288
9391
28060
16923
3720
17267
23211
5750
20459
19976
1954
10840
11642
12975
2723
30691
3465
14143
10774
5277
23757
19027
14244
1291
10417
12018
18826
1416
10032
26982
10888
26459
3823
31805
7229
27333
20452
10769
30134
7316
16568
8109
7601
30791
3867
15455
10081
26333
16808
3907
4885
29695
30558
25989
11422
30065
25237
25254
5327
19930
15066
24017
21803
13258
12147
16196
16378
14255
19845
31651
6750
14028
3079
11923
21631
3338
19685
23745
13128
30660
27944
27123
1488
21057
24001
18715
6865
14219
7438
5656
16210
22913
12735
5357
30442
4058
29124
6593
20401
897
13874
8005
8134
8772
21210
30918
12684
265
5427
28590
13475
15400
7149
29356
1702
6109
27758
14150
31041
21541
27713
15373
12023
26843
12983
15356
8774
9950
16111
32212
5245
7299
3396
28016
4533
2967
27862
27432
18347
19229
28064
18376
16181
15073
2793
29618
19998
9010
11433
12546
9526
4067
12842
29084
25901
10017
29668
3444
19377
24020
16255
26321
9123
23678
22368
27367
31226
8140
15276
8109
7058
19848
8426
31719
31856
15924
31671
21020
24835
3147
14489
23202
849
24999
21147
30313
343
10448
4989
9659
8686
6342
3150
22631
349
14868
259
8958
31174
23226
28019
18114
10145
21855
1686
5932
24164
12159
26793
25268
10195
18554
19105
15407
19536
20663
22542
4336
14431
8281
15915
9276
26159
13795
22416
28572
4974
19224
17664
2955
75
22848
5684
28503
21377
24688
126
28891
30869
13662
23657
1674
24473
17981
29544
21773
27320
22271
15780
23473
23118
17893
26875
22846
1862
6218
20992
369
10066
129
21734
22217
12782
111
1767
24254
19562
31139
32149
19195
18304
11365
11268
18430
11102
21410
15021
14455
12938
11147
27805
16395
9536
16554
23733
11445
17146
18050
5563
26842
24342
22743
10992
6246
2710
8853
28688
19536
14407
22677
12612
6940
28285
24818
19091
7034
10023
30022
31302
15401
11668
3861
27530
14299
11039
12076
2019
31757
25087
16278
6800
437
10796
25149
15585
24243
27146
21492
15646
8203
28719
17605
8607
3385
22792
14088
11441
8343
14061
11267
32378
14360
18245
13712
10401
2456
31819
11839
10931
27946
6725
11594
31370
14710
8806
3968
17092
26590
24135
3862
32191
8756
7184
25996
20936
25275
27805
17755
3244
32486
28287
22265
3334
4015
17928
15944
9460
5655
27502
15132
15983
28971
30639
1431
9127
23333
32210
31945
6305
9125
17964
4261
21726
25885
32616
11357
5643
12119
9855
24560
4461
9271
11279
3826
17145
31132
10786
18174
24863
15759
928
1504
13993
15665
27813
32005
1276
25955
20634
16275
2502
10835
21949
7514
16244
22702
9236
20411
1663
11381
25794
6926
16952
8451
22007
24320
14551
19823
27245
12054
2303
14124
13327
23270
14158
31163
30065
27459
9258
31833
29305
26947
18886
6976
13423
3783
24210
25503
4556
8468
15208
11277
7237
8555
1745
6223
5118
9232
7755
23111
10060
6440
20045
24159
17780
17527
32285
10448
11650
28091
11721
5638
6303
30689
31048
9368
1729
32331
1125
971
11435
17328
30216
3270
15911
4382
18860
17411
19607
182
12795
23715
30207
30089
9577
17096
28024
28077
3724
19156
14410
4140
25860
32007
27468
28767
11693
29272
4164
27896
12568
11853
23493
26639
24004
4469
12207
7587
28751
714
22121
15773
9680
13329
23073
12742
19823
25478
30834
6357
28605
3528
28258
8114
29303
29032
28483
18669
22061
23334
19200
5644
1601
17014
2204
20368
5519
7969
23188
27068
23143
9333
6385
10590
1125
16535
12365
7072
13062
24361
3886
8896
28679
990
3612
24465
25234
347
3383
16544
26116
18935
1905
11557
25200
26489
22140
3893
32114
27701
4777
7443
22894
29304
12591
7292
5982
20772
11085
20399
8773
31820
30308
9518
9219
26600
21363
24283
15108
2263
339
9827
15748
17872
24549
24972
13559
20908
31409
1285
7086
20511
20620
13416
10561
3548
2635
30524
5179
27165
16786
30531
24505
1820
17663
24236
9608
12428
25409
22692
8240
18940
31926
16921
3688
31961
17800
9249
7453
31085
3285
6960
795
3580
18052
3344
15366
22716
20943
1180
12778
32452
31338
32246
9151
26989
1667
4783
13337
5233
3759
7409
7042
12936
3169
15305
4873
21785
25646
12910
21805
3366
17740
16024
3001
8932
25069
11327
30761
21872
22947
24549
19678
6906
14188
16466
21558
15097
17399
16508
12223
12830
28128
9426
4746
17058
8977
14447
2167
27586
19322
25610
32576
30503
23705
23111
3787
12702
7823
25529
14997
4466
4352
8234
23841
15236
24457
22589
9407
6521
3786
7538
23769
21821
17605
28442
12766
260
25772
27257
23099
28673
27474
23323
200
25560
6946
2395
17507
26013
17076
30404
20248
25792
11996
9984
4178
32725
11397
20741
24228
25007
22176
9923
26973
30117
20375
19974
1342
25131
1093
28532
22865
28371
30134
14308
4800
11068
8032
29620
15667
7773
29880
5856
25694
2306
2467
27470
19998
17417
22405
4842
22172
11968
24571
6497
22653
11765
28747
27433
4511
3308
29758
16039
31771
22413
1964
24047
10120
3559
20407
8445
21150
11175
2955
30964
1685
19952
26181
19648
21575
11632
16999
13651
28075
6086
26435
3104
8961
7919
2649
32550
9265
18956
986
6660
8165
32023
10467
1251
29804
29682
13138
22803
2676
21393
26711
21608
9121
16975
3154
29060
15961
21011
3758
24632
6011
4383
15650
10280
5131
3357
2514
17093
6234
16639
20887
11650
17618
24545
16958
9729
10515
10198
4092
8333
18328
32130
31303
30887
13008
3304
29065
3892
13314
6708
32323
31520
4286
21404
22432
22503
31
3335
31178
25118
22646
19443
26635
18298
10926
15756
19689
24155
26762
26930
29478
25945
17182
32031
2587
30301
24541
15045
2274
19252
18830
4746
22104
17793
15952
30303
3369
1625
15679
498
14623
22136
28694
22004
9593
16848
24369
12071
11231
19989
23627
32187
11026
12224
32203
15925
7370
16158
26975
29124
9348
28331
8223
5256
9683
24436
23431
12117
9966
23841
11613
25399
25041
27983
28239
10389
23752
24945
19798
3
29528
20753
20396
14924
22486
22600
29163
3328
31644
28164
25908
17938
25494
3892
22496
21370
30270
412
26090
1604
752
2627
27858
29869
15609
14120
24359
12407
29483
13580
16215
3244
1029
29157
2197
11313
994
6868
27444
19940
22869
6072
25359
6095
9375
18479
5871
16935
20128
10256
27704
22591
7023
8847
6937
8621
28069
2441
6396
1448
23284
22396
18960
6748
5088
27538
24874
15462
3294
27209
25055
8979
19745
28761
3862
10551
2833
6585
32719
251
2205
8374
16990
26474
3940
5534
23400
5931
10162
13364
25135
15529
7208
12932
31031
14963
408
13057
15548
32716
24003
20168
15742
21382
1374
3277
6212
9365
13684
26102
13577
8440
9505
12649
29178
29311
2867
24477
15942
28467
282
28000
21334
15150
22316
17570
8532
5670
16730
14223
7329
15982
25930
29388
18499
22544
3035
4162
843
28078
26971
2965
26063
12611
17726
31789
9555
30406
17634
8
14414
12688
29467
7203
27976
17904
13460
31256
27886
9170
23873
29749
20999
24848
25741
30136
1493
5932
22894
19704
25995
5233
14728
20429
15629
22790
22365
7448
14258
13901
233
31061
19113
20271
8294
9059
28166
21911
16672
20575
5236
25472
8039
25073
15973
22983
12306
11601
11932
6239
15974
7546
14294
21315
745
17524
10203
13479
24774
4686
22914
27465
14122
12698
2298
31896
25524
25272
21594
27864
4419
27543
16557
20802
22821
3817
30402
21101
1341
1290
24721
25479
24475
22687
19590
32144
5471
7429
14901
550
14894
12280
31136
5612
24096
11110
13799
32301
22562
11973
17869
17142
18951
10041
11239
25368
25196
12938
12939
25281
5214
13790
13667
12228
97
2365
3786
30617
31610
12637
26803
28056
22073
18621
30139
21464
4520
13092
8161
5868
26300
29247
2598
23169
22328
19128
2874
15491
31828
2346
20135
13999
23082
12491
32164
11314
11676
706
10171
9955
17003
8957
9052
8493
11141
12859
26467
8112
32207
10176
20626
24965
30424
29978
7877
12319
32191
17416
8203
19171
8319
10516
3285
7816
11812
27231
14494
17846
25973
26944
1549
29032
8658
29074
26446
13380
24580
12632
8176
25720
3898
25165
12052
20619
1172
18899
24726
21774
2976
27117
28573
27257
21037
18818
9268
2687
20416
25759
2207
11747
11461
23998
30521
28149
10436
29376
21020
18826
14049
3954
14837
11635
32345
15863
15810
14886
10934
15256
13369
13400
7803
19560
28656
10581
3297
11339
9615
2947
32692
10168
9392
10213
25545
16319
5491
23085
28764
26911
32618
18429
18599
21517
19619
4582
14606
21760
32046
26653
2117
32697
21711
693
17567
24442
31239
3365
11150
3257
25900
13856
5892
10274
30774
17142
15137
2505
32133
23901
14895
1108
24489
22788
21724
21892
31923
20083
29043
30007
1117
7638
20677
29433
21640
25509
26942
28983
21598
6667
30931
29975
17931
3154
1972
25756
25818
9759
15744
22659
2554
31895
12141
24080
29703
3621
24317
29273
18877
14329
31853
1215
20935
30782
25437
31553
31651
14168
5197
32044
26835
31211
16264
12001
29052
1612
30398
21311
31008
23529
21001
3613
4890
6732
3407
17193
19148
9061
19659
17630
1281
10037
17654
31892
26449
13238
31632
14858
26955
22973
5858
26732
3884
14997
5944
30212
9619
360
24150
5579
23376
7429
20500
28879
19186
2723
28092
23173
28196
32519
16369
4448
22590
25659
384
11011
26418
8216
17940
27809
28928
24950
11998
2626
9377
20999
25520
26515
28588
2781
20627
937
32747
14924
31267
4881
18003
29692
10408
11965
14980
27484
27822
6536
21206
29835
22424
21559
5315
12926
5388
21069
27912
12754
30922
15344
17587
24016
3787
28671
3172
10568
19706
18094
23637
23578
20758
8262
2392
11918
11291
13472
30175
9374
5125
4524
29600
5261
21486
28167
4040
13349
32291
22521
22722
11977
17691
1965
11479
24615
19864
24306
4470
24471
25008
6250
1542
6642
25117
3608
24711
22811
6790
27027
27089
6446
17565
18636
31458
7844
13041
32143
15804
9863
3315
9937
32001
27038
15964
2813
29025
13255
21607
14468
27527
32675
23642
11476
14097
28479
4648
13606
3141
16973
23532
6126
15713
22655
10763
17771
12426
30113
8168
27848
18900
6226
12278
30347
14801
25524
31761
27135
5774
29508
30055
20009
31382
10862
22090
17283
443
10288
4081
16317
15200
7249
3738
12365
5366
13410
14969
5830
9955
11754
2930
9900
2193
6322
31286
30983
30258
26979
31164
16137
28409
18374
10731
1347
69
18611
31874
28908
17202
18627
4713
16886
32598
28270
5890
6452
25730
17491
18166
16739
32071
20932
14126
13734
14366
17581
30542
22523
13052
31919
29860
22196
22786
13275
29976
2845
11917
17562
26061
766
3139
3692
1835
6767
5870
2352
14905
9999
25834
26703
21701
32238
6942
23408
22141
15134
17838
17624
22884
15751
3858
31257
12534
4672
21023
9731
12999
16239
20725
9878
24372
3614
23208
22498
15759
32319
2706
3056
29583
15959
26961
18038
10654
27718
32765
26892
20414
28797
22309
18583
25948
7311
10051
8486
19826
4586
9903
15719
19832
9630
23444
28459
717
5338
2554
12399
23401
26918
31722
28855
10418
17902
5994
12612
6515
1199
15564
1900
31199
23247
338
24750
18191
16537
1258
22499
11723
2801
27396
28774
17884
570
18364
16934
21514
1110
13834
22045
15974
7680
11862
19257
11646
23095
1507
2055
15767
3091
15674
25994
19829
26652
6092
32351
11201
14861
22703
24909
5249
19766
12261
8473
8033
16644
1261
27314
22756
754
5842
25745
4545
7134
15376
22540
5298
23898
26668
10498
29229
26973
26429
27699
16181
24077
16663
31534
9013
8697
7370
5453
29812
29499
12916
951
612
10812
25125
6441
29321
15043
25791
29824
5775
2380
31435
12913
16669
462
15155
7430
31591
24875
24907
7951
16631
15500
16157
6964
12773
21915
25255
712
14155
17866
31735
8336
2857
25806
7415
20360
7112
10262
30703
2910
21321
31191
8585
13961
6084
26890
15236
24853
25680
30858
11627
23205
9930
11871
27297
12154
1108
16934
32336
26116
6919
8182
23990
3050
19588
32764
32258
26553
14750
29957
12707
92
16577
20045
14352
21925
30899
21720
27278
18849
30087
8185
18245
15424
6574
32272
66
1633
21863
27152
31075
32048
3203
30860
27971
32238
8384
20134
31314
12086
11799
6005
10627
3104
5243
19708
19061
28170
26924
25070
3879
1939
27779
19784
14969
3207
2190
25660
15549
22662
25275
2217
6727
25598
26842
24497
28830
6877
9765
26496
2739
6434
8937
12324
12359
8295
29506
3418
18671
25117
3086
11069
18039
25280
23233
22369
18187
13241
18322
23900
18994
13910
20590
6462
20103
7231
28067
10688
11178
19559
11038
22179
491
2686
6037
19459
1067
9969
20432
29810
6123
19439
27797
19678
2081
13696
1073
22840
29897
19495
10233
28000
24588
22179
10243
26423
2510
25071
16605
7448
16222
24268
14178
9523
16869
13371
17065
736
29866
17920
12049
10435
22689
17386
21448
6857
4896
21433
18764
7598
15457
16248
28528
16808
12526
28543
9499
8067
1129
4224
32538
1822
18491
10532
11339
171
26748
18510
4693
17524
15820
7224
8789
1296
27346
8628
24743
6674
11165
22364
28113
16686
20678
464
32707
26362
11402
7628
28921
928
9441
21401
7156
17335
21479
1465
28508
5621
13099
24778
3390
4128
14344
17600
12579
1067
12041
10398
14586
20358
26862
26855
22085
20039
14865
13653
337
9085
31587
20328
25266
6496
29253
16588
13809
3114
20785
30916
18665
16106
30242
16065
9010
17239
8745
14405
16530
23245
29642
27313
4064
16276
20236
22769
26224
23611
15770
19542
19833
27313
3749
3272
16051
30512
3109
1888
24822
20623
3558
31632
18264
25427
29339
16750
16301
3784
8428
6019
21547
31126
9898
3468
7242
28364
8215
18805
13641
27038
7417
19302
11089
29126
6265
20534
2563
27213
5530
23248
7323
10436
7265
9819
15954
8488
21788
21132
5012
5696
19935
27581
24006
4023
24171
31075
27748
11160
6427
24561
328
17343
23700
2398
8107
16217
7764
7575
20868
13772
3384
1283
11654
23946
8783
7894
7762
11670
1783
31695
23766
32708
20442
29735
26161
16589
29414
29700
23165
29056
12795
23595
16178
1657
3364
23574
19703
29065
2747
11573
30742
1012
7266
30014
22711
29862
32338
15288
17433
26090
5512
12969
32574
24932
7166
31996
9725
9304
16294
24579
7179
11846
11434
27565
17635
20926
10472
10987
22848
12437
8513
24265
373
25074
2526
20539
30308
19540
16876
11683
25619
7182
31068
15682
22471
27684
13421
1297
16455
7401
13851
26602
19093
7040
1506
24338
22617
30354
863
4506
22209
14459
15756
20743
11714
11619
28635
18774
23397
28761
3653
32347
16794
30883
8534
11042
22246
9894
6968
3228
5982
10654
21181
31790
22460
5652
3578
6298
11561
27898
9124
1642
13353
5318
76
804
22582
577
817
15761
7214
4798
915
18178
25388
31374
5940
872
19777
8836
10050
4373
12996
282
27766
18253
19486
30588
3923
11489
7252
23170
7747
27822
11480
18487
7389
7
28754
15609
12046
32679
26162
26088
30336
25294
21272
1718
13755
6737
31587
16716
6319
8286
8660
408
19669
16996
16503
24016
11628
8134
15162
5713
11841
18757
31763
31840
2726
22392
16336
31492
20222
11458
11468
9187
17544
15959
22498
21674
1210
28670
10395
23327
32756
31257
7997
31983
15474
28142
22241
21944
10457
27095
20702
17156
25870
5640
1377
11027
7842
20888
30405
9526
14191
32035
5350
15173
27038
17637
7811
14906
20905
14183
30515
24875
29838
14786
9394
13034
17744
11789
31578
28822
9241
9723
13432
28942
25236
228
1557
28274
2839
21039
17472
18210
11708
11617
16173
12609
11762
6967
15945
12269
9850
8232
14176
15912
26247
11660
22463
21298
6797
20700
22959
8151
1655
8975
17215
25418
4302
22847
21959
4867
21354
4222
20045
24268
10309
29869
14841
6952
6365
26352
6434
6349
16454
17742
5900
20158
23309
21443
20552
19562
20087
3180
8625
3731
22190
28174
2642
10031
530
32724
21368
3521
7428
29304
15212
26273
32118
31312
9338
26979
5171
10689
22701
23634
14404
9369
25550
4495
30995
21772
16363
32465
24752
26436
9529
31219
30573
18347
15613
10000
9219
32296
31939
32102
20376
9720
28670
3728
12684
1287
11263
31448
4325
17938
25248
12080
10743
5984
19605
22531
26921
1779
20172
16835
7280
11452
2408
12451
20777
32285
9206
1801
31113
6482
29976
10980
177
27786
3106
15259
30117
15139
83
27758
16619
17192
12486
6156
15889
23754
26601
6048
13556
13947
1479
31193
11415
1799
159
19228
11548
8656
32763
15538
26530
16199
27620
965
9889
9535
32437
21985
18405
12272
24715
18148
17785
10699
28069
31433
18493
8750
153
24623
27608
18613
7538
18331
9031
5596
24028
17287
24885
5189
27087
17870
25476
9613
31726
18185
21098
16533
8218
4602
17895
26504
15446
13446
2785
17282
15348
10237
31033
4598
20561
1868
10335
13540
4299
8027
12669
8826
2443
10076
10688
3098
16347
32479
29637
6002
25324
1429
31488
26191
26364
12798
22837
20435
13071
17678
12974
16454
29052
17127
27273
549
26890
19764
14835
8601
25747
31415
2932
553
24754
27820
5835
29933
12160
5666
8890
7757
22797
29096
906
31173
9834
31188
27620
19651
18410
90
16750
13826
16802
5067
9589
12720
18214
7452
23056
21368
6873
22565
5474
30762
4428
7034
30238
13256
19201
15182
15249
16502
3285
12000
4470
677
13171
18893
22080
8555
12039
8135
29800
31348
1518
30999
23755
16553
8152
8022
22921
14007
25074
2554
11765
18112
31625
6061
28835
1665
8258
961
5380
20906
638
15653
29873
16052
18097
19380
22086
17211
22976
26358
21669
21483
4431
26117
5032
32042
22288
2384
5451
10270
23618
8802
29130
5085
20970
31687
23106
16669
28193
30434
12537
20213
22210
5987
7843
30331
13511
6223
27795
17460
22231
24245
32170
19349
16390
25179
19255
7825
30982
10599
17403
16838
24553
17330
26423
928
10109
5817
26694
27983
32158
7027
12261
30647
9424
22822
24342
22486
8897
18444
19594
12185
1326
11908
28164
22231
31235
5758
12096
15341
28581
17668
15954
2694
7415
17061
8077
31520
10497
3402
5854
26770
823
20854
7568
27309
6952
1678
2708
8673
26910
23384
9217
15950
1355
8153
2504
16719
25631
18097
10692
10004
12207
3059
6002
17794
27232
28753
29954
22706
10189
12220
26142
29420
2840
260
13062
2691
13643
3008
31447
17446
18645
19739
20995
18433
30747
18261
17711
19766
5447
29653
17856
26148
26695
14126
18936
18052
7697
6270
11075
25116
7441
104
17225
199
11837
24788
12711
20459
31187
7669
20234
8054
10346
28965
16123
22179
28639
14049
31272
384
7562
24723
3761
5304
21696
3300
1913
10308
7300
19707
30192
4851
5119
29888
2600
22662
24266
15285
29437
32536
12454
4692
24879
28744
8737
25953
96
9599
13897
10972
184
28930
30396
26606
27171
24324
9401
29071
30390
16511
1386
7140
22058
7634
19716
17838
15309
5741
28699
13905
4302
20283
13887
27883
19956
32415
7826
11189
11348
20538
15029
18838
18020
32168
16705
20672
980
23552
6747
27594
11659
6951
19230
13747
5849
8988
16462
18249
4636
9248
28701
266
26148
23959
1783
809
6968
4628
3794
13729
31418
26665
25056
30867
11561
25951
29708
187
8290
15039
3345
31323
3472
5173
23130
22945
27849
3914
20500
25590
11479
30593
24643
29551
8879
18059
22997
26239
12570
19723
15005
17810
11461
16330
2723
509
4528
22573
32138
32360
1723
27441
2290
867
31359
14785
26573
159
27119
25236
7862
21771
23661
6022
1874
16720
32108
26286
21297
14145
15553
11322
12748
20617
26882
13630
855
19406
88
18373
2566
17551
10049
14451
10739
10371
28168
29825
24338
18578
6756
7947
13040
19457
27331
17306
16834
14388
30850
23467
25070
322
12025
2973
6852
29809
22808
15202
18734
9004
20701
27214
23715
1770
6451
6532
24461
22792
13783
18222
18778
23532
9348
32400
11831
11471
22844
5357
30817
27090
27872
4051
4148
26299
11264
25596
13679
19425
15657
29115
24619
21503
15955
28944
21137
24505
30215
26861
21918
10108
22868
17082
19064
19924
18819
15088
26410
2078
532
2908
24949
27497
27907
27728
31967
11931
31896
2495
1648
17259
17949
16498
1134
2347
6596
21520
455
26302
3
25589
31124
441
22024
10352
1267
6245
12510
20130
3514
14147
8949
16002
722
13398
13034
23820
24676
25067
7160
19773
28763
32472
17895
21646
24610
32071
28689
10408
23741
4792
6970
7488
24246
12358
363
14309
7593
17079
9039
22497
8120
8678
4380
21553
31568
217
21166
7988
5275
31217
25364
17153
4952
5999
12434
32000
9130
30813
21462
14082
6645
9879
7270
11768
12142
8100
20747
17895
29394
29564
2698
2358
26679
4535
16556
24655
26569
20198
4110
4520
12867
24867
24825
3533
4027
27299
13169
20912
5292
14003
24836
30269
15861
8524
15988
20567
3671
7293
23145
21917
15363
10616
5974
19518
11102
20735
16843
6525
4751
5320
32305
25329
28732
31314
15793
24209
15014
3669
8033
7047
20688
18716
2924
26459
9425
9242
21734
19255
12835
8950
18423
11276
1845
22252
14790
2323
23757
21785
4050
18830
3279
9123
15747
264
16259
21504
31273
12199
14409
95
1430
26674
18013
17704
23383
28134
12907
10129
15483
12565
31539
32655
13980
29033
13480
6302
14874
13328
12205
15567
27179
15669
30451
26165
11710
7055
22190
20845
32562
20225
23354
18892
7749
21837
20670
31510
26564
2602
3247
20575
9280
32661
12638
7180
22741
15361
7278
12181
6198
11885
30531
29722
30433
26807
1942
12358
21824
26347
27441
5841
1166
18254
119
14437
9038
3712
31893
13742
18116
30305
32245
30849
4147
3367
31840
1376
176
15758
23247
2125
10178
20088
12412
11813
12918
5395
13593
5682
26811
25829
10180
23821
13607
5808
32270
32476
10280
4185
32476
13248
653
11294
32319
4485
23018
9585
19715
5304
22588
23615
26519
31404
23593
11810
19321
30093
14038
23222
9275
24286
21921
24341
29209
26866
10118
30316
21702
13806
22949
2435
1726
9224
7823
17041
31178
28408
6206
8324
27374
14067
11824
531
24783
14115
32502
25231
16130
8067
1637
27421
19750
3282
16678
9782
19283
16878
5956
4135
8007
591
14945
24326
7509
29666
1724
17076
22443
22446
26146
28377
6869
20786
24045
12681
8931
28570
28137
32524
4538
23096
15399
23848
4347
2925
17863
8202
3476
8939
1010
5598
13644
9084
24496
19678
9302
17108
28791
9330
20899
15913
2906
22444
24155
20605
23956
18724
1991
10346
32322
19161
2022
17089
13677
18613
30141
30397
3377
3741
31820
28221
3245
22166
7677
1891
9474
23136
27057
8349
20922
10082
18802
496
15839
14743
32679
15962
13329
24462
26133
31568
27087
13380
2522
21843
27492
30530
17837
30851
1476
12372
26617
7257
18624
17400
28364
20579
17590
5613
5983
2161
15966
17942
22030
25825
29816
8106
31832
10878
18652
26960
9294
593
15073
16026
32462
10935
23084
2386
7831
22899
6088
23850
5624
23942
4969
1813
31354
3433
6672
15139
467
24877
21245
4061
30592
31777
29841
32289
23544
13757
16919
32504
9
23147
12466
527
23444
3636
10671
10715
31993
18774
16635
11724
18178
27585
31891
6805
24279
11575
10222
12615
21180
19930
14986
22713
30033
10019
4827
5866
26931
20618
21795
11197
18132
12130
27288
18919
32116
27375
6623
10578
25394
2650
19567
18175
9329
11352
23868
5549
16923
13474
14260
13145
15552
29277
16492
11618
8895
23422
16566
6590
13727
1367
11379
22564
25500
7232
12238
8701
10389
32095
2625
23336
8678
13686
1066
4094
31499
7740
1759
11897
8991
24947
19463
1901
9300
9205
18477
11400
7558
32603
25862
31894
30783
12137
21434
24378
28087
6011
8668
6913
31702
9273
18922
14641
17795
21690
6296
15936
29761
31012
16976
4861
17495
18078
28677
24451
11895
11778
11016
18146
18492
4257
28090
26641
21894
2764
23658
15692
19738
30659
23522
23647
4681
4535
7438
1897
629
25219
3901
8619
25178
13197
1743
1199
2950
16496
8518
15118
12665
15292
23355
7288
17170
24616
6278
3625
20856
15841
2907
7965
24548
29137
24287
15245
25952
14539
8529
21162
16045
4020
5054
11619
17485
23086
8567
4782
32450
9785
5037
30840
16076
22739
5212
20852
10888
225
27232
18017
2772
9048
30251
2376
2342
12287
13609
8647
15746
25154
1637
23841
19604
11831
21968
30587
11670
28388
19269
16612
26244
3147
14496
4196
22009
22539
16296
20251
7656
31763
26672
19555
7737
22884
22977
19318
13129
7403
15001
15517
30152
14637
23256
13399
20414
28125
1697
28874
4212
12221
20763
68
32096
12562
13331
23077
24063
5396
4474
26182
6796
24626
29776
27177
19250
270
20433
24962
18819
19302
20628
14316
30512
3876
11653
571
32547
2707
21407
7234
19054
32493
7960
5527
5585
27643
18164
16641
24690
1269
4044
20769
23720
17490
796
14957
27206
8695
3476
10271
3491
959
6112
30720
26300
29597
20590
3549
24210
26575
31687
22566
20370
10197
15409
29739
23192
21263
5652
10499
13012
4602
26818
21829
24856
4643
23626
6957
12642
13443
2146
25547
19079
4904
24728
11462
10774
5347
965
4185
725
2725
24597
11504
30840
17335
9221
21954
22649
5043
21580
23790
13692
2339
24538
4960
12061
14725
1799
26379
1063
15785
18034
27983
25863
20298
1361
12051
16900
11247
1074
31186
30842
17228
17678
9732
32638
25918
21091
6134
19385
7331
14156
27049
22248
23035
1808
16989
1965
1764
31727
17072
20189
12474
11595
21826
3814
20313
3313
10627
3228
31321
2294
885
8251
552
19062
12051
16972
5696
19735
12248
3803
27339
23330
12423
6522
16546
794
20440
8582
29620
13148
4637
19687
28130
13486
7677
31327
11475
28892
1416
17788
30171
3409
25015
19537
31237
32471
24241
19181
8058
5667
30559
12799
26601
2366
21712
22571
9434
31037
10269
17736
6107
18668
3182
18279
22942
21062
12736
27484
28765
32619
25019
27055
6626
32434
6301
8484
20205
14531
12204
26301
7675
20464
5525
31792
19760
6190
9816
5513
3761
16457
32028
28343
27371
9706
10482
15652
12786
12784
2650
21314
15025
23349
6963
13305
16396
30715
5203
4031
19480
16622
20918
6825
27040
13063
16476
23069
20757
28276
9968
27664
9750
9768
13882
20191
5815
22607
26919
14802
17081
15074
24527
19657
13295
13598
27509
31292
9007
7537
2720
5761
6816
10610
12698
1864
13482
9658
24092
7105
12170
17543
6601
4449
4405
26572
8650
30619
4848
19131
25776
5559
24649
250
19506
6932
31507
20266
30414
24260
14854
27850
30929
2598
24798
15483
22936
11490
22144
7798
32542
3961
22171
24349
5026
11573
9801
902
23487
834
25789
14194
16266
32500
31623
3074
24577
26253
25952
2894
21478
20662
714
9617
3061
8085
75
18741
19523
27873
12141
15929
12205
15144
30265
15892
20160
8694
9622
20930
7512
15610
22450
7284
6393
10312
7440
16652
5085
7742
3813
27100
28713
6341
26050
25371
3142
29160
25836
26827
29811
12740
30339
7984
2201
4000
21619
625
26248
5116
11309
19117
12910
26579
26548
29166
23589
2833
13658
17944
2990
23614
29833
31947
6696
27899
26384
22111
13150
25390
25236
6447
27488
9565
11546
8113
9616
12703
27089
9580
26092
10163
6749
4006
28189
26840
17376
20440
3724
10326
23765
12803
30271
10930
9582
5860
23708
13020
19181
8464
13018
1829
14213
5975
22433
4399
10868
20123
18547
13015
25473
19809
9743
23819
2400
4247
27165
10999
21299
24842
5133
3721
23155
22427
3869
25321
13521
4705
14030
13445
11867
22849
24931
12656
18514
2290
19225
3662
16363
5811
28813
31092
14000
6200
11729
6476
31754
2952
7516
14487
29486
28032
29166
30440
32340
21541
30384
14261
32648
21637
5472
30426
7780
22271
11919
26527
10951
30942
19913
30262
30843
30083
28545
451
27325
24534
31879
9784
22463
31328
29930
28413
13914
27556
32185
9271
9246
13655
27519
7553
2729
28349
27396
3942
8051
24094
13306
2113
25772
30265
8145
28136
14042
15505
24264
15474
8471
5965
22212
4021
23492
21577
1477
23977
5252
28623
13242
10290
6774
16089
17136
22684
29672
9894
3831
12825
4242
1115
29592
3254
10806
21528
10294
29428
4011
12751
18752
7641
18734
30439
27700
28696
16900
17598
5619
8215
1173
29756
13332
7071
1447
17319
16684
15258
12445
19255
16600
21052
3773
23069
22206
21522
6798
27575
27333
24924
2772
5414
5382
29514
14999
19529
32198
22568
21180
26767
12658
29053
32365
13536
26810
14271
1117
11492
16792
29183
23372
24159
18344
30081
10386
11441
14531
18595
28045
22100
21117
8550
21368
62
5784
1484
21296
12126
28758
15231
14304
5004
31284
1104
10622
16110
5424
8154
23371
11319
3947
17615
32706
11712
8251
9135
16181
22934
8015
7518
2341
23653
10611
16009
6873
9049
15333
24912
32110
23508
22245
30083
690
4793
15607
872
8532
11064
437
10655
18129
21243
30832
11115
14656
21299
18141
30891
12808
23594
30924
16239
14741
32725
14719
31723
3851
16152
24309
11698
12460
31760
8694
13940
2536
27684
27897
26921
13113
6266
72
5966
2067
13522
20018
13696
27803
29585
22816
19493
12230
29438
5864
5401
20883
10864
9411
4767
2936
9703
27780
293
18440
1711
24908
24290
21250
10895
20785
9190
1986
27337
18448
10369
25614
2592
15274
7394
21030
25390
29357
28752
21653
11170
12750
23027
8303
2124
14438
28590
9541
26603
32379
21676
30647
18726
7528
10680
7200
13207
10072
4634
6208
16960
11410
13020
16625
7247
9143
22608
11229
26743
25916
29150
25703
17367
6580
12262
17884
796
14589
6719
23833
13166
10657
3902
18589
22758
27081
14844
31498
25732
16515
5322
4818
12351
8534
19086
16160
20267
7624
28695
1848
30361
30051
25599
8611
3232
4034
8232
24302
23888
28007
10541
28469
12373
18872
29151
67
28147
3147
11524
28448
23500
27856
25905
10452
2642
9339
4169
12304
7014
22985
15558
31716
29073
1969
5857
8747
29478
28798
28909
2841
18404
31464
21950
27214
14397
24905
1085
19840
5954
1064
3327
22462
572
19218
3958
16853
2168
6783
7278
1201
13066
3959
27077
15656
6265
19754
15284
9880
25876
5328
835
13007
27220
19568
29159
5889
22216
5642
4027
24818
12424
29159
11322
10028
21985
20511
14133
968
17369
3098
6566
4585
3849
8754
996
30809
22259
29458
14406
6669
30399
2726
12471
31431
12097
24143
8163
29945
11777
21424
29674
3012
28953
13585
32130
29331
17975
17945
17694
14409
17747
22291
13563
28716
3547
12561
28204
12846
28238
30619
7766
15855
18848
19928
21083
25008
31556
22677
11620
13881
5957
22894
27490
9193
11052
2211
14312
2552
31787
502
21829
23313
17933
15997
1829
6310
23391
31162
12182
18890
5499
27497
16452
18984
3547
9743
12844
1479
24755
11641
3097
16731
17394
26868
9934
15035
3162
7007
14474
30596
10039
14355
7981
30342
26475
10293
16103
26658
13219
15970
8056
3580
20703
2335
22032
22183
30133
28018
25698
25318
6616
25359
10068
2277
13159
19235
4813
23920
4201
26792
11447
15619
15866
332
18947
14671
9900
10178
16071
31813
18309
3230
29447
20910
8734
2663
9481
9213
18036
9083
30672
14656
18613
2946
7988
13327
19056
103
27668
12404
13328
11311
30617
25863
20441
23026
16605
11790
22705
21296
9723
3456
30531
31703
1906
28482
4310
132
4120
7330
2208
24346
17636
3625
16224
21230
11318
3421
29730
1585
699
26566
11152
675
14606
31041
19451
22322
17373
29808
7649
21623
260
27572
11752
26538
1888
13016
794
10038
2923
18090
18085
3354
20192
23882
21582
31853
26613
16578
11588
2909
9766
16935
15211
30945
11724
20135
28501
16667
2757
11576
21913
13222
5222
23456
3902
23878
13052
22119
6379
7208
12471
23106
12763
9070
17974
7333
16590
16105
19632
25296
28927
5575
22487
3213
8804
2492
13510
19281
21072
7910
19045
14636
3029
772
1023
4011
22931
18683
23581
10248
17240
25342
5591
462
5570
62
7051
23280
19156
21072
7045
29630
25883
2148
32757
15791
14448
29134
9941
17
24911
17521
30384
18314
22544
16096
7046
8166
14728
4120
15167
23942
9372
14012
30954
21918
9316
25306
23700
6144
16002
28385
9200
27179
24730
18152
19704
27606
15732
5312
28298
10511
6459
7104
28031
25400
5406
5478
30197
23186
26234
3247
27954
655
939
4126
17394
26433
2737
6443
25141
3534
28441
3244
8944
22023
2285
4028
11743
5437
26954
2921
16456
17919
5964
14841
6571
19580
7179
6016
31748
29813
19205
23207
16431
26968
12675
8358
31179
6694
19647
19629
3759
7536
23617
22486
16530
25728
6239
3048
28092
22399
4669
2843
6906
10150
10108
29376
18210
18942
25311
19939
32365
21535
20098
17076
25899
29282
2242
8495
5984
22003
18544
23964
14189
32416
25630
2927
24071
16216
24857
12402
17312
26441
9968
26731
29315
5293
10260
30858
26964
19289
25904
27876
1416
21724
20682
12416
21855
31949
10483
32265
9063
24487
32040
25537
13620
7070
12779
17954
31833
26818
14155
7444
4627
22889
2857
19472
16581
22318
15601
916
2720
5927
1635
22585
7105
22668
20975
20923
19758
11895
8137
29301
7373
3553
14203
9623
30166
27059
3711
29063
29487
14684
23614
29412
23817
32414
27217
30665
23130
1964
23633
225
18403
11844
12170
8039
13469
13190
18368
14978
20858
15104
13813
28149
2225
19093
5947
14153
11563
30257
8925
26945
20754
11677
9174
26860
4822
19821
25568
17287
23575
4319
14387
9890
28497
20673
20226
7705
3884
5195
30758
14490
4724
5896
11006
5638
5989
6468
19589
26720
367
13714
17885
14973
8152
10947
9259
12222
1504
29052
8042
7789
14871
19607
28067
1393
24707
22348
18442
17312
27501
31125
24005
16240
2901
8895
12358
18703
3955
28714
28337
25922
1400
16964
11005
30077
27375
4473
21022
17549
7105
13415
649
29809
13878
6115
20932
20268
4711
14834
19109
10018
13655
8455
26891
3213
12331
23614
32292
908
6310
30481
14571
27411
13698
1667
6055
3196
15509
30693
26776
22623
27202
20428
4451
3108
19730
4152
21103
6955
12430
29942
23995
9502
25594
14294
29854
23099
5557
17241
14067
7246
17713
5862
22653
31642
15489
18273
26068
29227
27193
18239
14426
14866
1575
2767
8121
15750
22373
24292
20209
21676
3354
20978
29234
19299
24075
24371
20180
17872
26514
11191
11487
29428
31312
8735
18940
23910
1302
5145
31071
27449
9010
24703
22092
10895
16926
29486
23322
2198
15781
13717
27994
17132
13559
31685
23020
19571
17347
20851
5574
13512
30578
28195
20142
7301
3660
10378
12145
19775
28467
14328
1560
13073
8893
26538
23327
27753
29973
29341
20620
8158
13206
30551
12346
19819
27455
8954
24542
10404
24228
3684
30971
14980
15114
8368
10891
3824
13617
13334
16643
26262
6935
6137
26338
10568
19881
12861
26207
32033
16827
26256
6701
928
9962
26423
27944
1555
23126
24603
13684
30991
1663
3848
32643
1986
4206
24676
31603
27972
15462
31206
5319
12381
24044
21461
29017
10750
609
19956
25919
12670
28137
24198
20731
7289
30630
29709
13229
24208
17145
6986
12010
16199
21590
1635
32710
19392
16420
2118
11619
18008
25511
6065
28669
25229
17611
1004
15318
29382
19597
24127
6780
27514
15232
25751
2583
29067
31622
10626
9732
29749
582
24566
16170
31741
21250
15545
13580
13270
12697
29631
9602
7712
19628
23689
